# R_Bohr c0_mEh c1_mEh c2_mEh c3_mEh c4_mEh c5_mEh c6_mEh c7_mEh c8_mEh c9_mEh c10_mEh c11_mEh c12_mEh c13_mEh c14_mEh c15_mEh c16_mEh c17_mEh c18_mEh
 4.72945900e+00  5.99336000e+01  4.60219659e+00  1.05209757e+02  1.41997074e+01  5.19298008e+01  1.42658708e+01  1.98803071e+01  8.29967725e+00  8.80256747e+00  4.48047705e+00  4.44649546e+00  2.04598650e+00  2.26089879e+00  1.19979771e+00  8.46328261e-01  7.84076077e-01  1.82960876e-01  4.09131459e-01  5.25403714e-02
 4.78156300e+00  5.47756299e+01  3.22204765e+00  9.67718526e+01  1.21640428e+01  4.74874807e+01  1.25228641e+01  1.77818083e+01  7.30190986e+00  7.63454036e+00  3.81527284e+00  3.75337585e+00  1.72678169e+00  1.83882280e+00  9.40313273e-01  6.55679725e-01  5.94158999e-01  5.25088764e-02  3.68196360e-01 -1.14812292e-01
 4.83366700e+00  4.99750127e+01  2.00457359e+00  8.88544990e+01  1.03079916e+01  4.32980291e+01  1.09450522e+01  1.58680798e+01  6.35254693e+00  6.59997297e+00  3.21692223e+00  3.15529193e+00  1.44331052e+00  1.48599858e+00  7.35431512e-01  5.03101063e-01  4.59989235e-01 -4.18492552e-02  3.46245042e-01 -2.11281826e-01
 4.88577200e+00  4.55429417e+01  9.56291783e-01  8.14883868e+01  8.64928398e+00  3.93991016e+01  9.54392483e+00  1.41422068e+01  5.47495756e+00  5.70078523e+00  2.69490780e+00  2.64628454e+00  1.19341735e+00  1.19762828e+00  5.77702417e-01  3.86849927e-01  3.69980980e-01 -1.01273723e-01  3.38203765e-01 -2.50706375e-01
 4.93787600e+00  4.14711913e+01  7.25876505e-02  7.46762953e+01  7.19252600e+00  3.58099988e+01  8.31759649e+00  1.25992086e+01  4.68678725e+00  4.92929256e+00  2.25036259e+00  2.21701764e+00  9.75902415e-01  9.65899905e-01  4.58035994e-01  3.00787747e-01  3.11639247e-01 -1.31320417e-01  3.39163091e-01 -2.50043039e-01
 4.98998000e+00  3.77385467e+01 -6.59050821e-01  6.83988239e+01  5.93066965e+00  3.25321587e+01  7.25402093e+00  1.12277037e+01  3.99723485e+00  4.27158284e+00  1.87826965e+00  1.85669645e+00  7.89863367e-01  7.81450788e-01  3.67261671e-01  2.37289303e-01  2.73495192e-01 -1.39670300e-01  3.44540835e-01 -2.25735418e-01
 5.04208400e+00  3.43180421e+01 -1.25525840e+00  6.26232755e+01  4.84839915e+00  2.95533865e+01  6.33535273e+00  1.00124479e+01  3.40699255e+00  3.71125401e+00  1.57022348e+00  1.55465912e+00  6.34074055e-01  6.34845199e-01  2.97380431e-01  1.89407527e-01  2.46363963e-01 -1.34003884e-01  3.50331610e-01 -1.91209331e-01
 5.09418800e+00  3.11820261e+01 -1.73384440e+00  5.73110710e+01  3.92573929e+00  2.68528077e+01  5.54172796e+00  8.93658270e+00  2.90991317e+00  3.23221705e+00  1.31668081e+00  1.30133328e+00  5.06621431e-01  5.17644114e-01  2.42213766e-01  1.51924239e-01  2.23818971e-01 -1.20646570e-01  3.53370409e-01 -1.55814008e-01
 5.14629300e+00  2.83050455e+01 -2.11191485e+00  5.24231488e+01  3.14121194e+00  2.44054530e+01  4.85396921e+00  7.98336964e+00  2.49548957e+00  2.82032259e+00  1.10841225e+00  1.08864663e+00  4.04857881e-01  4.22966351e-01  1.97478093e-01  1.21495544e-01  2.02048268e-01 -1.04069439e-01  3.51509721e-01 -1.24940408e-01
 5.19839700e+00  2.56651329e+01 -2.40491661e+00  4.79235107e+01  2.47419012e+00  2.21858894e+01  4.25517700e+00  7.13736268e+00  2.15132344e+00  2.46399318e+00  9.37232483e-01  9.10045613e-01  3.25567856e-01  3.45597408e-01  1.60470774e-01  9.62784354e-02  1.79346013e-01 -8.70138471e-02  3.43656304e-01 -1.00827262e-01
 5.25050100e+00  2.32433590e+01 -2.62638508e+00  4.37799507e+01  1.90618024e+00  2.01700558e+01  3.73124099e+00  6.38483474e+00  1.86497869e+00  2.15410225e+00  7.96190607e-01  7.60240030e-01  2.65201719e-01  2.81774333e-01  1.29586764e-01  7.53801548e-02  1.55469838e-01 -7.09137037e-02  3.29671557e-01 -8.35852058e-02
 5.30260500e+00  2.10233932e+01 -2.78795055e+00  3.99644839e+01  1.42147784e+00  1.83364642e+01  3.27085206e+00  5.71398449e+00  1.62522279e+00  1.88360043e+00  6.79538621e-01  6.34911752e-01  2.20137670e-01  2.28851453e-01  1.03865427e-01  5.83677129e-02  1.31037035e-01 -5.63695565e-02  3.10175528e-01 -7.21439430e-02
 5.35470900e+00  1.89906841e+01 -2.89951692e+00  3.64526492e+01  1.00718696e+00  1.66663998e+01  2.86510228e+00  5.11480405e+00  1.42259809e+00  1.64701006e+00  5.82580783e-01  5.30430863e-01  1.86903987e-01  1.84948259e-01  8.26516054e-02  4.49293974e-02  1.07038621e-01 -4.35326774e-02  2.86303308e-01 -6.49685568e-02
 5.40681400e+00  1.71318009e+01 -2.96946609e+00  3.32226393e+01  6.52913480e-01  1.51437091e+01  2.50696322e+00  4.57883597e+00  1.24953502e+00  1.43996838e+00  5.01512524e-01  4.43653040e-01  1.62358233e-01  1.48662924e-01  6.53969264e-02  3.47024857e-02  8.44980091e-02 -3.23598300e-02  2.59457172e-01 -6.05223114e-02
 5.45891800e+00  1.54341688e+01 -3.00485179e+00  3.02547860e+01  3.50338952e-01  1.37545430e+01  2.19080553e+00  4.09894309e+00  1.10019846e+00  1.25888917e+00  4.33283303e-01  3.71808136e-01  1.43816129e-01  1.18877033e-01  5.15762096e-02  2.72294403e-02  6.42655273e-02 -2.27538866e-02  2.31090777e-01 -5.75140062e-02
 5.51102200e+00  1.38856537e+01 -3.01159226e+00  2.75306094e+01  9.27076262e-02  1.24867752e+01  1.91193312e+00  3.66899064e+00  9.70170381e-01  1.10069241e+00  3.75463834e-01  3.12435983e-01  1.29119627e-01  9.46341027e-02  4.06713353e-02  2.19865632e-02  4.69156742e-02 -1.46217728e-02  2.02538139e-01 -5.49901547e-02
 5.56312600e+00  1.24746547e+01 -2.99463572e+00  2.50326979e+01 -1.25559671e-01  1.13297597e+01  1.66629677e+00  3.28367103e+00  8.56139705e-01  9.62665817e-01  3.26143402e-01  2.63375291e-01  1.16654316e-01  7.50846099e-02  3.21898602e-02  1.84420229e-02  3.27258434e-02 -7.88819593e-03  1.74906217e-01 -5.23330865e-02
 5.61523000e+00  1.11900983e+01 -2.95812028e+00  2.27444526e+01 -3.09195081e-01  1.02740101e+01  1.45027996e+00  2.93832326e+00  7.55608105e-01  8.42373475e-01  2.83829463e-01  2.22756798e-01  1.05315930e-01  5.94638929e-02  2.56867271e-02  1.61089359e-02  2.17026212e-02 -2.48718719e-03  1.49021343e-01 -4.92101042e-02
 5.66733500e+00  1.00214822e+01 -2.90551612e+00  2.06499898e+01 -4.62313843e-01  9.31096494e+00  1.26057745e+00  2.62880280e+00  6.66656070e-01  7.37610826e-01  2.47357996e-01  1.88995945e-01  9.44412166e-02  4.70886171e-02  2.07781067e-02  1.45798978e-02  1.36360478e-02  1.65176525e-03  1.25422536e-01 -4.55053184e-02
 5.71943900e+00  8.95902562e+00 -2.83975550e+00  1.87343179e+01 -5.88550909e-01  8.43290290e+00  1.09415482e+00  2.35141742e+00  5.87777928e-01  6.46393796e-01  2.15818397e-01  1.60780364e-01  8.37188504e-02  3.73600334e-02  1.71444909e-02  1.35403246e-02  8.16551106e-03  4.61492804e-03  1.04390427e-01 -4.12525866e-02
 5.77154300e+00  7.99357816e+00 -2.76333274e+00  1.69831502e+01 -6.91168254e-01  7.63271877e+00  9.48210973e-01  2.10283196e+00  5.17751900e-01  5.66938810e-01  1.88484506e-01  1.37042145e-01  7.30918656e-02  2.97639145e-02  1.45241491e-02  1.27645856e-02  4.84343756e-03  6.51102790e-03  8.59912306e-02 -3.65772218e-02
 5.82364700e+00  7.11672778e+00 -2.67839394e+00  1.53831232e+01 -7.73095419e-01  6.90391611e+00  8.20196051e-01  1.88005080e+00  4.55566512e-01  4.97665218e-01  1.64766549e-01  1.16930077e-01  6.26675014e-02  2.38692099e-02  1.27030346e-02  1.21022596e-02  3.19247006e-03  7.47159099e-03  7.01328411e-02 -3.16508632e-02
 5.87575200e+00  6.32075308e+00 -2.58680092e+00  1.39217647e+01 -8.36966217e-01  6.24051253e+00  7.07812891e-01  1.68037692e+00  4.00364230e-01  4.37183995e-01  1.44172352e-01  9.97750111e-02  5.26389888e-02  1.93214962e-02  1.15034704e-02  1.14603255e-02  2.74980597e-03  7.64716679e-03  5.66170543e-02 -2.66581912e-02
 5.92785600e+00  5.59865267e+00 -2.49018814e+00  1.25876132e+01 -8.85137414e-01  5.63703888e+00  6.09028784e-01  1.50140094e+00  3.51409491e-01  3.84290611e-01  1.26282777e-01  8.50574678e-02  4.32255838e-02  1.58342747e-02  1.07748187e-02  1.07860209e-02  3.09851998e-03  7.20040439e-03  4.51866780e-02 -2.17748463e-02
 5.97996000e+00  4.94400951e+00 -2.38998789e+00  1.13700350e+01 -9.19716419e-01  5.08842091e+00  5.22058359e-01  1.34095489e+00  3.08057168e-01  3.37943272e-01  1.10732431e-01  7.23743688e-02  3.46284737e-02  1.31780370e-02  1.03867819e-02  1.00526028e-02  3.88629493e-03  6.29760665e-03  3.55606672e-02 -1.71529683e-02
 6.03206400e+00  4.35100115e+00 -2.28746249e+00  1.02592999e+01 -9.42576489e-01  4.58999521e+00  4.45360083e-01  1.19710550e+00  2.69738396e-01  2.97250761e-01  9.72009614e-02  6.14129498e-02  2.70049237e-02  1.11701368e-02  1.02257809e-02  9.24907944e-03  4.83353707e-03  5.10005585e-03  2.74619404e-02 -1.29142495e-02
 6.08416800e+00  3.81432866e+00 -2.18372025e+00  9.24649902e+00 -9.55379132e-01  4.13746405e+00  3.77614813e-01  1.06812813e+00  2.35945257e-01  2.61453369e-01  8.54065787e-02  5.19275305e-02  2.04549966e-02  9.66508768e-03  1.01934321e-02  8.37350674e-03  5.73314029e-03  3.75624239e-03  2.06347300e-02 -9.14726741e-03
 6.13627300e+00  3.32915370e+00 -2.07972636e+00  8.32346468e+00 -9.59595273e-01  3.72685972e+00  3.17701055e-01  9.52483311e-01  2.06219118e-01  2.29904733e-01  7.51022427e-02  4.37211755e-02  1.50187082e-02  8.54640735e-03  1.02064284e-02  7.42914678e-03  6.44452016e-03  2.39564466e-03  1.48545282e-02 -5.90814220e-03
 6.18837700e+00  2.89108416e+00 -1.97632095e+00  7.48277338e+00 -9.56525567e-01  3.35454986e+00  2.64673588e-01  8.48805041e-01  1.80144156e-01  2.02057578e-01  6.60739046e-02  3.66324733e-02  1.06808506e-02  7.72023059e-03  1.01969831e-02  6.42268773e-03  6.88413677e-03  1.12461225e-03  9.93271951e-03 -3.22360642e-03
 6.24048100e+00  2.49607276e+00 -1.87421597e+00  6.71757449e+00 -9.47319883e-01  3.01716740e+00  2.17730649e-01  7.55868463e-01  1.57337343e-01  1.77445026e-01  5.81370893e-02  3.05245632e-02  7.37919932e-03  7.11032723e-03  1.01132114e-02  5.36343190e-03  7.01461191e-03  2.40483302e-05  5.71596116e-03 -1.09468940e-03
 6.29258500e+00  2.14041501e+00 -1.77401159e+00  6.02160121e+00 -9.32993967e-01  2.71162195e+00  1.76194155e-01  6.72581647e-01  1.37446013e-01  1.55669759e-01  5.11353293e-02  2.52788515e-02  5.01595049e-03  6.65471075e-03  9.91904203e-03  4.26318604e-03  6.83359279e-03 -8.50719498e-04  2.08395751e-03  4.98398156e-04
 6.34468900e+00  1.82070494e+00 -1.67620284e+00  5.38909641e+00 -9.14444605e-01  2.43507241e+00  1.39486397e-01  5.97967748e-01  1.20143992e-01  1.36391872e-01  4.49372841e-02  2.07902974e-02  3.46908876e-03  6.30319163e-03  9.59348479e-03  3.13616679e-03  6.36354721e-03 -1.46858162e-03 -1.05491585e-03  1.59160840e-03
 6.39679400e+00  1.53380061e+00 -1.58118678e+00  4.81475276e+00 -8.92462108e-01  2.18490473e+00  1.07110349e-01  5.31150143e-01  1.05129290e-01  1.19318820e-01  3.94337171e-02  1.69645333e-02  2.60318867e-03  6.01568965e-03  9.12924089e-03  1.99877452e-03  5.64293736e-03 -1.82003658e-03 -3.76861652e-03  2.23256131e-03
 6.44889800e+00  1.27682080e+00 -1.48927892e+00  4.29371274e+00 -8.67743159e-01  1.95873420e+00  7.86360631e-02  4.71345552e-01  9.21240629e-02  1.04198561e-01  3.45348463e-02  1.37165082e-02  2.27889515e-03  5.76103033e-03  8.53082638e-03  8.69260813e-04  4.71911501e-03 -1.91374073e-03 -6.10627705e-03  2.47642241e-03
 6.50100200e+00  1.04709143e+00 -1.40071164e+00  3.82146557e+00 -8.40897783e-01  1.75436146e+00  5.36839445e-02  4.17846136e-01  8.08723215e-02  9.08109184e-02  3.01666710e-02  1.09691436e-02  2.36050807e-03  5.51592847e-03  7.81224584e-03 -2.33031880e-04  3.64272216e-03 -1.77269823e-03 -8.10323870e-03  2.38242790e-03
 6.55310600e+00  8.42150642e-01 -1.31565083e+00  3.39386040e+00 -8.12459258e-01  1.56977778e+00  3.19169994e-02  3.70015976e-01  7.11408539e-02  7.89635079e-02  2.62685172e-02  8.65313349e-03  2.72188816e-03  5.26411859e-03  6.99458974e-03 -1.28835894e-03  2.46373690e-03 -1.43029672e-03 -9.78499890e-03  2.01086502e-03
 6.60521000e+00  6.59728042e-01 -1.23420303e+00  3.00706708e+00 -7.82891038e-01  1.40314656e+00  1.30321953e-02  3.27282167e-01  6.27187112e-02  6.84870230e-02  2.27902997e-02  6.70653793e-03  3.25048853e-03  4.99546424e-03  6.10361007e-03 -2.27743589e-03  1.22874643e-03 -9.26570833e-04 -1.11707515e-02  1.42071243e-03
 6.65731500e+00  4.97728802e-01 -1.15642253e+00  2.65754576e+00 -7.52592739e-01  1.25278797e+00 -3.24587807e-03  2.89127612e-01  5.54167731e-02  5.92315833e-02  1.96901699e-02  5.07446309e-03  3.84983199e-03  4.70504126e-03  5.16745302e-03 -3.18227653e-03 -2.07487464e-05 -3.04822673e-04 -1.22761809e-02  6.67805722e-04
 6.70941900e+00  3.54234121e-01 -1.08232516e+00  2.34205164e+00 -7.21908513e-01  1.11717824e+00 -1.71683149e-02  2.55088206e-01  4.90677735e-02  5.10646421e-02  1.69328119e-02  3.70884902e-03  4.44058625e-03  4.39222471e-03  4.21475775e-03 -3.98685818e-03 -1.24910816e-03  3.91195052e-04 -1.31154759e-02 -1.96412968e-04
 6.76152300e+00  2.27472098e-01 -1.01188665e+00  2.05757564e+00 -6.91129154e-01  9.94921126e-01 -2.89670677e-02  2.24743479e-01  4.35246902e-02  4.38677048e-02  1.44875149e-02  2.56788081e-03  4.96068083e-03  4.05971790e-03  3.27291397e-03 -4.67782094e-03 -2.42697883e-03  1.11966114e-03 -1.37029351e-02 -1.12584976e-03
 6.81362700e+00  1.15820699e-01 -9.45055191e-01  1.80135441e+00 -6.60499671e-01  8.84749147e-01 -3.88560600e-02  1.97715201e-01  3.86602811e-02  3.75352709e-02  1.23271853e-02  1.61564430e-03  5.36448917e-03  3.71266684e-03  2.36686730e-03 -5.24482342e-03 -3.53107461e-03  1.84238327e-03 -1.40538228e-02 -2.08019261e-03
 6.86573100e+00  1.77951633e-02 -8.81755668e-01  1.57084705e+00 -6.30223665e-01  7.85510571e-01 -4.70332711e-02  1.73662665e-01  3.43656492e-02  3.19731813e-02  1.04273539e-02  8.21560566e-04  5.62148907e-03  3.35781045e-03  1.51819950e-03 -5.68081124e-03 -4.54381291e-03  2.52601726e-03 -1.41849020e-02 -3.02510515e-03
 6.91783600e+00 -6.79624616e-02 -8.21893627e-01  1.36371620e+00 -6.00467419e-01  6.96158376e-01 -5.36821345e-02  1.52278733e-01  3.05486958e-02  2.70973083e-02  8.76547284e-03  1.59808642e-04  5.71453915e-03  3.00271963e-03  7.44550169e-04 -5.98210080e-03 -5.45278953e-03  3.14280615e-03 -1.41145956e-02 -3.93218086e-03
 6.96994000e+00 -1.42685612e-01 -7.65364170e-01  1.17782917e+00 -5.71366533e-01  6.15748088e-01 -5.89720251e-02  1.33288193e-01  2.71327921e-02  2.28328682e-02  7.32057539e-03 -3.91202376e-04  5.63794864e-03  2.65517997e-03  5.94075815e-05 -6.14828487e-03 -6.25009422e-03  3.67085199e-03 -1.38629023e-02 -4.77862749e-03
 7.02204400e+00 -2.07501424e-01 -7.12048802e-01  1.01122056e+00 -5.43026564e-01  5.43419226e-01 -6.30597817e-02  1.16442340e-01  2.40546570e-02  1.91129417e-02  6.07278492e-03 -8.49474092e-04  5.39549539e-03  2.32262605e-03 -5.27999696e-04 -6.18206485e-03 -6.93177846e-03  4.09417114e-03 -1.34511160e-02 -5.54699420e-03
 7.07414800e+00 -2.63432073e-01 -6.61823243e-01  8.62095626e-01 -5.15529072e-01  4.78394574e-01 -6.60898075e-02  1.01517958e-01  2.12629600e-02  1.58780315e-02  5.00326899e-03 -1.22990288e-03  4.99845891e-03  2.01176623e-03 -1.01246377e-03 -6.08892260e-03 -7.49716211e-03  4.40237045e-03 -1.29014418e-02 -6.22463590e-03
 7.12625300e+00 -3.11405235e-01 -6.14557998e-01  7.28811424e-01 -4.88933985e-01  4.19970073e-01 -6.81948089e-02  8.83141664e-02  1.87165388e-02  1.30751557e-02  4.09409857e-03 -1.54479534e-03  4.46376697e-03  1.72828512e-03 -1.39249468e-03 -5.87674894e-03 -7.94827604e-03  4.59020021e-03 -1.22365394e-02 -6.80322674e-03
 7.17835700e+00 -3.52258117e-01 -5.70124099e-01  6.09875049e-01 -4.63284740e-01  3.67512448e-01 -6.94961816e-02  7.66511341e-02  1.63830119e-02  1.06573555e-02  3.32828208e-03 -1.80429266e-03  3.81235491e-03  1.47668586e-03 -1.66986770e-03 -5.55544558e-03 -8.28929641e-03  4.65695573e-03 -1.14791167e-02 -7.27818250e-03
 7.23046100e+00 -3.86750186e-01 -5.28389438e-01  5.03917295e-01 -4.38608021e-01  3.20446255e-01 -7.01047681e-02  6.63664939e-02  1.42370210e-02  8.58272509e-03  2.68966380e-03 -2.01680105e-03  3.06761017e-03  1.26017160e-03 -1.84918051e-03 -5.13646484e-03 -8.52611877e-03  4.60584204e-03 -1.06514105e-02 -7.64819420e-03
 7.28256500e+00 -4.15566223e-01 -4.89223863e-01  4.09692733e-01 -4.14918313e-01  2.78252714e-01 -7.01212004e-02  5.73145054e-02  1.22590998e-02  6.81403252e-03  2.16301726e-03 -2.18930737e-03  2.25412315e-03  1.08065974e-03 -1.93730821e-03 -4.63239021e-03 -8.66590029e-03  4.44327347e-03 -9.77483357e-03 -7.91466690e-03
 7.33466900e+00 -4.39323804e-01 -4.52499362e-01  3.26067203e-01 -3.92219580e-01  2.40463217e-01 -6.96364751e-02  4.93640839e-02  1.04344376e-02  5.31810814e-03  1.73405326e-03 -2.32767431e-03  1.39659814e-03  9.38829764e-04 -1.94289750e-03 -4.05651841e-03 -8.71670343e-03  4.17820274e-03 -8.86961456e-03 -8.08124683e-03
 7.38677400e+00 -4.58579715e-01 -4.18090290e-01  2.52007302e-01 -3.70506775e-01  2.06653849e-01 -6.87324673e-02  4.23971395e-02  8.75181424e-03  4.06531643e-03  1.38943887e-03 -2.43688201e-03  5.18957482e-04  8.34221418e-04 -1.87587092e-03 -3.42246272e-03 -8.68718024e-03  3.82147100e-03 -7.95449541e-03 -8.15337427e-03
 7.43887800e+00 -4.73834237e-01 -3.85876606e-01  1.86577313e-01 -3.49769152e-01  1.76443459e-01 -6.74825496e-02  3.63077162e-02  7.20284090e-03  3.02919008e-03  1.11684007e-03 -2.52121514e-03 -3.56280634e-04  7.65374259e-04 -1.74697512e-03 -2.74385870e-03 -8.58630941e-03  3.38524614e-03 -7.04658191e-03 -8.13787343e-03
 7.49098200e+00 -4.85538602e-01 -3.55740387e-01  1.28922744e-01 -3.29989191e-01  1.49485729e-01 -6.59520311e-02  3.09999605e-02  5.78102296e-03  2.18587809e-03  9.04890562e-04 -2.58443053e-03 -1.20862175e-03  7.29967770e-04 -1.56736009e-03 -2.03399160e-03 -8.42316892e-03  2.88245333e-03 -6.16108256e-03 -8.04259709e-03
 7.54308600e+00 -4.94098285e-01 -3.27568821e-01  7.82687919e-02 -3.11145490e-01  1.25468158e-01 -6.41987656e-02  2.63875773e-02  4.48127973e-03  1.51388650e-03  7.43217065e-04 -2.62986874e-03 -2.01989189e-03  7.24991791e-04 -1.34822204e-03 -1.30559281e-03 -8.20675203e-03  2.32634162e-03 -5.31128449e-03 -7.87609877e-03
 7.59519000e+00 -4.99877859e-01 -3.01253724e-01  3.39120183e-02 -2.93213364e-01  1.04108056e-01 -6.22736783e-02  2.23927142e-02  3.29941851e-03  9.93739881e-04  6.22419092e-04 -2.66054712e-03 -2.77448453e-03  7.46906957e-04 -1.10049596e-03 -5.70624428e-04 -7.94581691e-03  1.73008939e-03 -4.50849626e-03 -7.64735556e-03
 7.64729500e+00 -5.03205089e-01 -2.76691177e-01 -4.78662232e-03 -2.76165382e-01  8.51491984e-02 -6.02212577e-02  1.89450412e-02  2.23172870e-03  6.07708293e-04  5.34045165e-04 -2.67922587e-03 -3.45948897e-03  7.91803100e-04 -8.34598076e-04  1.59892180e-04 -7.64876056e-03  1.10647297e-03 -3.76204263e-03 -7.36552211e-03
 7.69939900e+00 -5.04374406e-01 -2.53783391e-01 -3.84046870e-02 -2.59973357e-01  6.83605379e-02 -5.80802346e-02  1.59812460e-02  1.27476762e-03  3.39609498e-04  4.70568498e-04 -2.68845232e-03 -4.06465942e-03  8.55542376e-04 -5.60246800e-04  8.75934710e-04 -7.32354884e-03  4.67661385e-04 -3.07937010e-03 -7.03974936e-03
 7.75150300e+00 -5.03650615e-01 -2.32435836e-01 -6.74679710e-02 -2.44606975e-01  5.35316067e-02 -5.58838491e-02  1.34439712e-02  4.25022464e-04  1.74578770e-04  4.25339898e-04 -2.69059213e-03 -4.58243661e-03  9.33897910e-04 -2.86281214e-04  1.56863921e-03 -6.97761179e-03 -1.75048993e-04 -2.46604349e-03 -6.67898130e-03
 7.80360700e+00 -5.01271610e-01 -2.12559063e-01 -9.24522790e-02 -2.30035584e-01  4.04718435e-02 -5.36604918e-02  1.12815002e-02 -3.21154592e-04  9.89488705e-05  3.92552659e-04 -2.68784415e-03 -5.00777425e-03  1.02266830e-03 -2.05757288e-05  2.23028354e-03 -6.61781580e-03 -8.11325812e-04 -1.92591364e-03 -6.29183563e-03
 7.85571100e+00 -4.97451162e-01 -1.94068086e-01 -1.13788637e-01 -2.16228247e-01  2.90082686e-02 -5.14341303e-02  9.44716832e-03 -9.67662554e-04  1.00119632e-04  3.67194422e-04 -2.68224793e-03 -5.33798634e-03  1.11777903e-03  2.30030360e-04  2.85431087e-03 -6.25042532e-03 -1.43190386e-03 -1.46123143e-03 -5.88648583e-03
 7.90781600e+00 -4.92381243e-01 -1.76881903e-01 -1.31867642e-01 -2.03153794e-01  1.89835731e-02 -4.92247094e-02  7.89887952e-03 -1.51871198e-03  1.66463657e-04  3.44998002e-04 -2.67568384e-03 -5.57254966e-03  1.21536813e-03  4.59767468e-04  3.43532410e-03 -5.88107759e-03 -2.02864673e-03 -1.07278381e-03 -5.47056475e-03
 7.95992000e+00 -4.86234610e-01 -1.60924623e-01 -1.47041807e-01 -1.90782061e-01  1.02553166e-02 -4.70487392e-02  6.59881631e-03 -1.97880067e-03  2.87245184e-04  3.22392698e-04 -2.66986953e-03 -5.71286329e-03  1.31184568e-03  6.63918960e-04  3.96900458e-03 -5.51480528e-03 -2.59451763e-03 -7.60073531e-04 -5.05112990e-03
 8.01202400e+00 -4.79166170e-01 -1.46123305e-01 -1.59630983e-01 -1.79082565e-01  2.69340095e-03 -4.49194337e-02  5.51290470e-03 -2.35276673e-03  4.52570548e-04  2.96450808e-04 -2.66635252e-03 -5.76203739e-03  1.40395652e-03  8.38823253e-04  4.45212474e-03 -5.15599840e-03 -3.12363626e-03 -5.21429942e-04 -4.63456780e-03
 8.06412800e+00 -4.71315081e-01 -1.32409107e-01 -1.69923954e-01 -1.68025665e-01 -3.82036248e-03 -4.28472501e-02  4.61061849e-03 -2.64571463e-03  6.53340110e-04  2.64838258e-04 -2.66650326e-03 -5.72462938e-03  1.48880944e-03  9.81810923e-04  4.88243521e-03 -4.80844593e-03 -3.61119791e-03 -3.54196096e-04 -4.22659522e-03
 8.11623200e+00 -4.62806220e-01 -1.19716763e-01 -1.78181588e-01 -1.57582419e-01 -9.39355202e-03 -4.08401894e-02  3.86466071e-03 -2.86298320e-03  8.81215129e-04  2.25763635e-04 -2.67150789e-03 -5.60640629e-03  1.56390261e-03  1.09114869e-03  5.25859972e-03 -4.47534889e-03 -4.05343327e-03 -2.54873620e-04 -3.83223521e-03
 8.16833700e+00 -4.53751397e-01 -1.07984172e-01 -1.84639466e-01 -1.47724472e-01 -1.41241941e-02 -3.89040775e-02  3.25069450e-03 -3.01009526e-03  1.12859601e-03  1.77927617e-04 -2.68236265e-03 -5.41410338e-03  1.62713654e-03  1.16596798e-03  5.58011784e-03 -4.15934012e-03 -4.44755081e-03 -2.19270372e-04 -3.45580691e-03
 8.22044100e+00 -4.44251291e-01 -9.71531107e-02 -1.89509709e-01 -1.38424862e-01 -1.81012870e-02 -3.70430053e-02  2.74715253e-03 -3.09269023e-03  1.38858099e-03  1.20478503e-04 -2.69986902e-03 -5.15521385e-03  1.67681105e-03  1.20617885e-03  5.84721500e-03 -3.86253831e-03 -4.79163380e-03 -2.42642458e-04 -3.10096187e-03
 8.27254500e+00 -4.34395521e-01 -8.71677020e-02 -1.92983808e-01 -1.29656924e-01 -2.14061224e-02 -3.52593742e-02  2.33495142e-03 -3.11648156e-03  1.65497540e-03  5.29599273e-05 -2.72463351e-03 -4.83775358e-03  1.71162573e-03  1.21239235e-03  6.06079200e-03 -3.58654483e-03 -5.08460645e-03 -3.19822104e-04 -2.77065769e-03
 8.32464900e+00 -4.24264316e-01 -7.79751737e-02 -1.95233997e-01 -1.21395079e-01 -2.41126051e-02 -3.35542897e-02  1.99734192e-03 -3.08718537e-03  1.92225442e-03 -2.47307838e-05 -2.75706819e-03 -4.47007770e-03  1.73066056e-03  1.18582518e-03  6.22231264e-03 -3.33250411e-03 -5.32612063e-03 -4.45343624e-04 -2.46721235e-03
 8.37675400e+00 -4.13929045e-01 -6.95253125e-02 -1.96415133e-01 -1.13614510e-01 -2.62880160e-02 -3.19277146e-02  1.71970608e-03 -3.01046571e-03  2.18555376e-03 -1.12388543e-04 -2.79739566e-03 -4.06069021e-03  1.73335714e-03  1.12821077e-03  6.33372772e-03 -3.10113037e-03 -5.51648443e-03 -6.13557448e-04 -2.19232321e-03
 8.42885800e+00 -4.03453804e-01 -6.17709536e-02 -1.96666213e-01 -1.06291752e-01 -2.79934188e-02 -3.03787910e-02  1.48940415e-03 -2.89188884e-03  2.44062925e-03 -2.09534995e-04 -2.84565259e-03 -3.61811554e-03  1.71949424e-03  1.04171650e-03  6.39738680e-03 -2.89276310e-03 -5.65656724e-03 -8.18717318e-04 -1.94712431e-03
 8.48096200e+00 -3.92894948e-01 -5.46668734e-02 -1.96111937e-01 -9.94037934e-02 -2.92844187e-02 -2.89058311e-02  1.29558008e-03 -2.73686652e-03  2.68386503e-03 -3.15468065e-04 -2.90170377e-03 -3.15070956e-03  1.68916006e-03  9.28852179e-04  6.41597484e-03 -2.70737879e-03 -5.74774303e-03 -1.05508988e-03 -1.73219545e-03
 8.53306600e+00 -3.82302532e-01 -4.81703264e-02 -1.94863915e-01 -9.29286730e-02 -3.02114471e-02 -2.75066009e-02  1.12902950e-03 -2.55061882e-03  2.91222852e-03 -4.29292829e-04 -2.96525087e-03 -2.66656791e-03  1.64272128e-03  7.92393407e-04  6.39243189e-03 -2.54464740e-03 -5.79180005e-03 -1.31702171e-03 -1.54762776e-03
 8.58517000e+00 -3.71720700e-01 -4.22407592e-02 -1.93021903e-01 -8.68453150e-02 -3.08202277e-02 -2.61784272e-02  9.82047813e-04 -2.33813663e-03  3.12324829e-03 -5.49958427e-04 -3.03584710e-03 -2.17341459e-03  1.58079132e-03  6.35305279e-04  6.32989045e-03 -2.40396529e-03 -5.79087474e-03 -1.59901091e-03 -1.39306424e-03
 8.63727500e+00 -3.61188017e-01 -3.68396045e-02 -1.90674845e-01 -8.11334058e-02 -3.11521619e-02 -2.49182953e-02  8.48288676e-04 -2.10414645e-03  3.31498781e-03 -6.76293759e-04 -3.11291431e-03 -1.67850667e-03  1.50419609e-03  4.60669306e-04  6.23161412e-03 -2.28448984e-03 -5.74738546e-03 -1.89577143e-03 -1.26774490e-03
 8.68937900e+00 -3.50738766e-01 -3.19305865e-02 -1.87902066e-01 -7.57738074e-02 -3.12446579e-02 -2.37230490e-02  7.22641817e-04 -1.85310423e-03  3.48599898e-03 -8.07028733e-04 -3.19575406e-03 -1.18860355e-03  1.41394743e-03  2.71633805e-04  6.10095256e-03 -2.18518358e-03 -5.66397697e-03 -2.20225891e-03 -1.17056378e-03
 8.74148300e+00 -3.40402170e-01 -2.74790079e-02 -1.84773917e-01 -7.07478801e-02 -3.11314877e-02 -2.25893350e-02  6.01091834e-04 -1.58914946e-03  3.63531003e-03 -9.40837751e-04 -3.28357458e-03 -7.09857166e-04  1.31120212e-03  7.13368806e-05  5.94128293e-03 -2.10483446e-03 -5.54346125e-03 -2.51374476e-03 -1.10010237e-03
 8.79358700e+00 -3.30203616e-01 -2.34520900e-02 -1.81352787e-01 -6.60379060e-02 -3.08430516e-02 -2.15137768e-02  4.80608820e-04 -1.31610952e-03  3.76237439e-03 -1.07635679e-03 -3.37550372e-03 -2.47812231e-04  1.19723625e-03 -1.37130640e-04  5.75597543e-03 -2.04209773e-03 -5.38877145e-03 -2.82582484e-03 -1.05468683e-03
 8.84569100e+00 -3.20164821e-01 -1.98187853e-02 -1.77693827e-01 -6.16269539e-02 -3.04066586e-02 -2.04930125e-02  3.59031945e-04 -1.03748717e-03  3.86703729e-03 -1.21221029e-03 -3.47060943e-03  1.92627448e-04  1.07341417e-03 -3.50772005e-04  5.54835597e-03 -1.99552384e-03 -5.20291832e-03 -3.13444842e-03 -1.03243127e-03
 8.89779600e+00 -3.10303985e-01 -1.65496455e-02 -1.73845582e-01 -5.74987787e-02 -2.98467654e-02 -1.95237277e-02  2.34959282e-04 -7.56451780e-04  3.94949887e-03 -1.34703602e-03 -3.56792064e-03  6.07218586e-04  9.41157707e-04 -5.66725851e-04  5.32167116e-03 -1.96358662e-03 -4.98894780e-03 -3.43594012e-03 -1.03128214e-03
 8.94990000e+00 -3.00636863e-01 -1.36169979e-02 -1.69850931e-01 -5.36381093e-02 -2.91852541e-02 -1.86027703e-02  1.07655627e-04 -4.75861813e-04  4.01026961e-03 -1.47949480e-03 -3.66643842e-03  9.92348063e-04  8.01930379e-04 -7.82280507e-04  5.07908054e-03 -1.94471187e-03 -4.74992497e-03 -3.72698660e-03 -1.04906011e-03
 9.00200400e+00 -2.91175918e-01 -1.09945059e-02 -1.65747231e-01 -5.00301493e-02 -2.84415831e-02 -1.77270701e-02 -2.30575012e-05 -1.98237131e-04  4.05014112e-03 -1.60830404e-03 -3.76516516e-03  1.34507212e-03  6.57198024e-04 -9.94923973e-04  4.82360935e-03 -1.93729827e-03 -4.48888082e-03 -4.00467520e-03 -1.08349992e-03
 9.05410800e+00 -2.81931354e-01 -8.65736748e-03 -1.61567152e-01 -4.66608742e-02 -2.76330284e-02 -1.68937379e-02 -1.56882074e-04  7.42112831e-05  4.07014108e-03 -1.73224305e-03 -3.86311416e-03  1.66306694e-03  5.08417008e-04 -1.20234678e-03  4.55814880e-03 -1.93974236e-03 -4.20880400e-03 -4.26646926e-03 -1.13228810e-03
 9.10621200e+00 -2.72911167e-01 -6.58219210e-03 -1.57339091e-01 -4.35169249e-02 -2.67748606e-02 -1.61000625e-02 -2.93129462e-04  3.39575675e-04  4.07149757e-03 -1.85016931e-03 -3.95932743e-03  1.94461282e-03  3.57012215e-04 -1.40246043e-03  4.28543878e-03 -1.95045804e-03 -3.91261664e-03 -4.51020803e-03 -1.19309728e-03
 9.15831700e+00 -2.64121213e-01 -4.74691452e-03 -1.53087548e-01 -4.05855285e-02 -2.58805005e-02 -1.53435065e-02 -4.30800508e-04  5.96242858e-04  4.05560227e-03 -1.96103203e-03 -4.05289201e-03  2.18856851e-03  2.04356908e-04 -1.59341050e-03  4.00805274e-03 -1.96789504e-03 -3.60315149e-03 -4.73410097e-03 -1.26361918e-03
 9.21042100e+00 -2.55566091e-01 -3.13087973e-03 -1.48833856e-01 -3.78546941e-02 -2.49617506e-02 -1.46217684e-02 -5.68646216e-04  8.42859173e-04  4.02397722e-03 -2.06387340e-03 -4.14294588e-03  2.39431845e-03  5.17695674e-05 -1.77356738e-03  3.72841228e-03 -1.99055345e-03 -3.28316230e-03 -4.93669767e-03 -1.34158759e-03
 9.26252500e+00 -2.47248323e-01 -1.71458314e-03 -1.44596069e-01 -3.53128513e-02 -2.40288420e-02 -1.39326953e-02 -7.05248839e-04  1.07834299e-03  3.97823986e-03 -2.15784895e-03 -4.22870031e-03  2.56176242e-03 -9.95163389e-05 -1.94154972e-03  3.44875089e-03 -2.01699973e-03 -2.95527729e-03 -5.11689766e-03 -1.42481203e-03
 9.31462900e+00 -2.39169218e-01 -4.79768076e-04 -1.40389628e-01 -3.29490541e-02 -2.30906425e-02 -1.32743384e-02 -8.39070446e-04  1.30184654e-03  3.92007295e-03 -2.24222469e-03 -4.30944232e-03  2.69125481e-03 -2.48351047e-04 -2.09620745e-03  3.17113326e-03 -2.04587736e-03 -2.62201432e-03 -5.27391449e-03 -1.51119484e-03
 9.36673300e+00 -2.31328865e-01  5.90657730e-04 -1.36227586e-01 -3.07528986e-02 -2.21547699e-02 -1.26449312e-02 -9.68508757e-04  1.51274181e-03  3.85119553e-03 -2.31638325e-03 -4.38454463e-03  2.78356651e-03 -3.93679703e-04 -2.23662050e-03  2.89744990e-03 -2.07591712e-03 -2.28576888e-03 -5.40726010e-03 -1.59875185e-03
 9.41883800e+00 -2.23726145e-01  1.51268342e-03 -1.32120816e-01 -2.87144611e-02 -2.12276951e-02 -1.20428690e-02 -1.09194681e-03  1.71060464e-03  3.77333484e-03 -2.37982741e-03 -4.45347322e-03  2.83984146e-03 -5.34551294e-04 -2.36209342e-03  2.62941361e-03 -2.10594577e-03 -1.94880327e-03 -5.51672520e-03 -1.68563028e-03
 9.47094200e+00 -2.16359449e-01  2.30117104e-03 -1.28078570e-01 -2.68244285e-02 -2.03149259e-02 -1.14667435e-02 -1.20778527e-03  1.89518005e-03  3.68820848e-03 -2.43217615e-03 -4.51578670e-03  2.86154835e-03 -6.70112283e-04 -2.47213625e-03  2.36858280e-03 -2.13489008e-03 -1.61326970e-03 -5.60234888e-03 -1.77011557e-03
 9.52304600e+00 -2.09225931e-01  2.97000434e-03 -1.24108240e-01 -2.50738404e-02 -1.94210031e-02 -1.09152612e-02 -1.31449296e-03  2.06638541e-03  3.59749375e-03 -2.47317136e-03 -4.57114719e-03  2.85044272e-03 -7.99625467e-04 -2.56646735e-03  2.11633458e-03 -2.16178495e-03 -1.28117001e-03 -5.66440826e-03 -1.85065195e-03
 9.57515000e+00 -2.02322216e-01  3.53205787e-03 -1.20215880e-01 -2.34542261e-02 -1.85496686e-02 -1.03872766e-02 -1.41062813e-03  2.22427566e-03  3.50281454e-03 -2.50267078e-03 -4.61931617e-03  2.80851833e-03 -9.22460033e-04 -2.64499049e-03  1.87389032e-03 -2.18577411e-03 -9.54381238e-04 -5.70338634e-03 -1.92584369e-03
 9.62725500e+00 -1.95644230e-01  3.99926586e-03 -1.16406235e-01 -2.19575145e-02 -1.77039200e-02 -9.88175732e-03 -1.49486837e-03  2.36903125e-03  3.40572148e-03 -2.52064637e-03 -4.66015622e-03  2.73796465e-03 -1.03809596e-03 -2.70778434e-03  1.64231164e-03 -2.20611266e-03 -6.34643691e-04 -5.71995126e-03 -1.99446336e-03
 9.67935900e+00 -1.89187806e-01  4.38262934e-03 -1.12683202e-01 -2.05761256e-02 -1.68861563e-02 -9.39780810e-03 -1.56602555e-03  2.50092923e-03  3.30768550e-03 -2.52717893e-03 -4.69362634e-03  2.64113211e-03 -1.14611343e-03 -2.75508302e-03  1.42252405e-03 -2.22216571e-03 -3.23586656e-04 -5.71493262e-03 -2.05544971e-03
 9.73146300e+00 -1.82948004e-01  4.69231014e-03 -1.09049531e-01 -1.93027781e-02 -1.60981561e-02 -8.93459891e-03 -1.62307224e-03  2.62034294e-03  3.21007492e-03 -2.52245497e-03 -4.71978355e-03  2.52048518e-03 -1.24620319e-03 -2.78726797e-03  1.21529670e-03 -2.23340968e-03 -2.26934469e-05 -5.68930108e-03 -2.10791640e-03
 9.78356700e+00 -1.76919700e-01  4.93763349e-03 -1.05507257e-01 -1.81305866e-02 -1.53412109e-02 -8.49139050e-03 -1.66514762e-03  2.72771453e-03  3.11415370e-03 -2.50675908e-03 -4.73877532e-03  2.37857081e-03 -1.33815341e-03 -2.80484722e-03  1.02126709e-03 -2.23942846e-03  2.66671542e-04 -5.64414508e-03 -2.15114531e-03
 9.83567100e+00 -1.71097535e-01  5.12713728e-03 -1.02057737e-01 -1.70530131e-02 -1.46161715e-02 -8.06751151e-03 -1.69156780e-03  2.82354298e-03  3.02107246e-03 -2.48046774e-03 -4.75083510e-03  2.21798325e-03 -1.42184713e-03 -2.80844105e-03  8.40943342e-04 -2.23991054e-03  5.43266373e-04 -5.58065078e-03 -2.18458490e-03
 9.88777600e+00 -1.65475861e-01  5.26861324e-03 -9.87016859e-02 -1.60638311e-02 -1.39234924e-02 -7.66233857e-03 -1.70183110e-03  2.90837188e-03  2.93186186e-03 -2.44404114e-03 -4.75627600e-03  2.04132908e-03 -1.49725793e-03 -2.79876627e-03  6.74708141e-04 -2.23464469e-03  8.05973563e-04 -5.50008076e-03 -2.20784581e-03
 9.93988000e+00 -1.60049229e-01  5.36913526e-03 -9.54395272e-02 -1.51571826e-02 -1.32633356e-02 -7.27531566e-03 -1.69561943e-03  2.98277060e-03  2.84743634e-03 -2.39801850e-03 -4.75548345e-03  1.85121232e-03 -1.56443803e-03 -2.77662211e-03  5.22838125e-04 -2.22351555e-03  1.05377712e-03 -5.40376209e-03 -2.22069311e-03
 9.99198400e+00 -1.54811790e-01  5.43511307e-03 -9.22710789e-02 -1.43274485e-02 -1.26355379e-02 -6.90589696e-03 -1.67279853e-03  3.04733282e-03  2.76858254e-03 -2.34300568e-03 -4.74890808e-03  1.65018792e-03 -1.62352032e-03 -2.74287456e-03  3.85491650e-04 -2.20649737e-03  1.28578968e-03 -5.29305986e-03 -2.22304152e-03
 1.00440880e+01 -1.49757769e-01  5.47231763e-03 -8.91958820e-02 -1.35693111e-02 -1.20397073e-02 -6.55356893e-03 -1.63341324e-03  3.10265973e-03  2.69596667e-03 -2.27966949e-03 -4.73705688e-03  1.44075183e-03 -1.67470528e-03 -2.69844293e-03  2.62728643e-04 -2.18364807e-03  1.50122885e-03 -5.16936717e-03 -2.21494491e-03
 1.00961920e+01 -1.44881389e-01  5.48592044e-03 -8.62131929e-02 -1.28777196e-02 -1.14752464e-02 -6.21783394e-03 -1.57768203e-03  3.14935307e-03  2.63013454e-03 -2.20872853e-03 -4.72048481e-03  1.22531720e-03 -1.71825533e-03 -2.64428663e-03  1.54513966e-04 -2.15510254e-03  1.69941921e-03 -5.03408914e-03 -2.19658734e-03
 1.01482970e+01 -1.40176820e-01  5.48052873e-03 -8.33219786e-02 -1.22478660e-02 -1.09413774e-02 -5.89819705e-03 -1.50598757e-03  3.18800816e-03  2.57151372e-03 -2.13094310e-03 -4.69978550e-03  1.00619227e-03 -1.75448801e-03 -2.58139154e-03  6.07223073e-05 -2.12106493e-03  1.87979243e-03 -4.88862683e-03 -2.16827231e-03
 1.02004010e+01 -1.35638555e-01  5.46022095e-03 -8.05211787e-02 -1.16752196e-02 -1.04372121e-02 -5.59418408e-03 -1.41887305e-03  3.21920470e-03  2.52042214e-03 -2.04711273e-03 -4.67558395e-03  7.85582079e-04 -1.78376603e-03 -2.51076362e-03 -1.88484948e-05 -2.08180403e-03  2.04187066e-03 -4.73437672e-03 -2.13041434e-03
 1.02525050e+01 -1.31260892e-01  5.42857975e-03 -7.78094085e-02 -1.11554432e-02 -9.96171724e-03 -5.30529970e-03 -1.31702292e-03  3.24350590e-03  2.47706661e-03 -1.95805881e-03 -4.64852523e-03  5.65550435e-04 -1.80649414e-03 -2.43341107e-03 -8.44820207e-05 -2.03764196e-03  2.18528426e-03 -4.57270331e-03 -2.08352456e-03
 1.03046090e+01 -1.27038318e-01  5.38872510e-03 -7.51852128e-02 -1.06844319e-02 -9.51378040e-03 -5.03104826e-03 -1.20125596e-03  3.26145107e-03  2.44155355e-03 -1.86462217e-03 -4.61926718e-03  3.48026389e-04 -1.82310908e-03 -2.35033956e-03 -1.36529734e-04 -1.98894911e-03  2.30975461e-03 -4.40494088e-03 -2.02820125e-03
 1.03567130e+01 -1.22965429e-01  5.34334632e-03 -7.26470345e-02 -1.02582910e-02 -9.09221982e-03 -4.77092442e-03 -1.07251107e-03  3.27355313e-03  2.41389450e-03 -1.76765364e-03 -4.58847152e-03  1.34792046e-04 -1.83407353e-03 -2.26254246e-03 -1.75407037e-04 -1.93613605e-03  2.41509482e-03 -4.23238267e-03 -1.96511787e-03
 1.04088180e+01 -1.19036864e-01  5.29473223e-03 -7.01931889e-02 -9.87331993e-03 -8.69579556e-03 -4.52440651e-03 -9.31830762e-04  3.28029629e-03  2.39401312e-03 -1.66800442e-03 -4.55679502e-03 -7.25272400e-05 -1.83986959e-03 -2.17099150e-03 -2.01587938e-04 -1.87964498e-03  2.50120830e-03 -4.05627065e-03 -1.89501012e-03
 1.04609220e+01 -1.15247617e-01  5.24480500e-03 -6.78220675e-02 -9.52603295e-03 -8.32325542e-03 -4.29097396e-03 -7.80357998e-04  3.28213395e-03  2.38175421e-03 -1.56652641e-03 -4.52488410e-03 -2.72450958e-04 -1.84099228e-03 -2.07663723e-03 -2.15597749e-04 -1.81994685e-03  2.56807974e-03 -3.87780331e-03 -1.81867002e-03
 1.05130260e+01 -1.11592588e-01  5.19514362e-03 -6.55318695e-02 -9.21310738e-03 -7.97330323e-03 -4.07007857e-03 -6.19305567e-04  3.27948864e-03  2.37688929e-03 -1.46405374e-03 -4.49336391e-03 -4.63669414e-04 -1.83794439e-03 -1.98039269e-03 -2.18010710e-04 -1.75752776e-03  2.61578221e-03 -3.69811062e-03 -1.73692660e-03
 1.05651300e+01 -1.08066891e-01  5.14701578e-03 -6.33208026e-02 -8.93140718e-03 -7.64464174e-03 -3.86116405e-03 -4.49952158e-04  3.27275107e-03  2.37912638e-03 -1.36140387e-03 -4.46283394e-03 -6.45028033e-04 -1.83123066e-03 -1.88313559e-03 -2.09442527e-04 -1.69288647e-03  2.64446740e-03 -3.51826379e-03 -1.65064033e-03
 1.06172340e+01 -1.04665779e-01  5.10140399e-03 -6.11870441e-02 -8.67796899e-03 -7.33597514e-03 -3.66366220e-03 -2.73625346e-04  3.26228065e-03  2.38811757e-03 -1.25936961e-03 -4.43386130e-03 -8.15530249e-04 -1.82135298e-03 -1.78570258e-03 -1.90545941e-04 -1.62652685e-03  2.65436475e-03 -3.33926902e-03 -1.56069130e-03
 1.06693390e+01 -1.01384584e-01  5.05903100e-03 -5.91287095e-02 -8.44999236e-03 -7.04601251e-03 -3.47699101e-03 -9.16838472e-05  3.24840589e-03  2.40346743e-03 -1.15871159e-03 -4.40697473e-03 -9.74337903e-04 -1.80880587e-03 -1.68888416e-03 -1.62005183e-04 -1.55895042e-03  2.64577825e-03 -3.16206208e-03 -1.46796745e-03
 1.07214430e+01 -9.82189660e-02  5.02038800e-03 -5.71440140e-02 -8.24485157e-03 -6.77349728e-03 -3.30057098e-03  9.44822519e-05  3.23142675e-03  2.42473959e-03 -1.06016091e-03 -4.38266175e-03 -1.12075553e-03 -1.79407348e-03 -1.59342963e-03 -1.24533595e-04 -1.49065586e-03  2.61908474e-03 -2.98752057e-03 -1.37336226e-03
 1.07735470e+01 -9.51645329e-02  4.98575390e-03 -5.52310410e-02 -8.06006474e-03 -6.51718030e-03 -3.13380611e-03  2.83485875e-04  3.21161444e-03  2.45146616e-03 -9.64402917e-04 -4.36136145e-03 -1.25424385e-03 -1.77762486e-03 -1.50003412e-03 -7.88657001e-05 -1.42212590e-03  2.57473003e-03 -2.81644282e-03 -1.27775513e-03
 1.08256510e+01 -9.22170941e-02  4.95522168e-03 -5.33879042e-02 -7.89330739e-03 -6.27584786e-03 -2.97610139e-03  4.73941888e-04  3.18921418e-03  2.48315402e-03 -8.72080937e-04 -4.34346322e-03 -1.37440158e-03 -1.75991190e-03 -1.40934482e-03 -2.57547513e-05 -1.35382758e-03  2.51322631e-03 -2.64956142e-03 -1.18201017e-03
 1.08777560e+01 -8.93725399e-02  4.92871919e-03 -5.16126772e-02 -7.74240096e-03 -6.04831620e-03 -2.82685942e-03  6.64486369e-04  3.16444636e-03  2.51929286e-03 -7.83789159e-04 -4.32930321e-03 -1.48096400e-03 -1.74136638e-03 -1.32195681e-03  3.40332799e-05 -1.28620531e-03  2.43514755e-03 -2.48753723e-03 -1.08696505e-03
 1.09298600e+01 -8.66270547e-02  4.90603225e-03 -4.99035309e-02 -7.60532028e-03 -5.83345260e-03 -2.68549510e-03  8.53773431e-04  3.13751055e-03  2.55935894e-03 -7.00076334e-04 -4.31916341e-03 -1.57378783e-03 -1.72239945e-03 -1.23841951e-03  9.97191899e-05 -1.21968208e-03  2.34113277e-03 -2.33097246e-03 -9.93431290e-04
 1.09819640e+01 -8.39767868e-02  4.88682169e-03 -4.82585314e-02 -7.48017256e-03 -5.63015229e-03 -2.55142188e-03  1.04050790e-03  3.10858468e-03  2.60282551e-03 -6.21433131e-04 -4.31326871e-03 -1.65285579e-03 -1.70339799e-03 -1.15922681e-03  1.70521526e-04 -1.15464820e-03  2.23187385e-03 -2.18039330e-03 -9.02177032e-04
 1.10340680e+01 -8.14180657e-02  4.87064465e-03 -4.66757788e-02 -7.36520570e-03 -5.43735884e-03 -2.42406689e-03  1.22344050e-03  3.07782909e-03  2.64916592e-03 -5.48297057e-04 -4.31178744e-03 -1.71826002e-03 -1.68472491e-03 -1.08482445e-03  2.45656052e-04 -1.09146348e-03  2.10811802e-03 -2.03626391e-03 -8.13928775e-04
 1.10861720e+01 -7.89473431e-02  4.85697226e-03 -4.51533751e-02 -7.25880184e-03 -5.25406171e-03 -2.30287150e-03  1.40138056e-03  3.04538819e-03  2.69785955e-03 -4.81049287e-04 -4.31483108e-03 -1.77019580e-03 -1.66671815e-03 -1.01560913e-03  3.24340643e-04 -1.03045348e-03  1.97066310e-03 -1.89898504e-03 -7.29364660e-04
 1.11382770e+01 -7.65611453e-02  4.84520670e-03 -4.36893978e-02 -7.15947204e-03 -5.07929479e-03 -2.18729253e-03  1.57320737e-03  3.01139181e-03  2.74839773e-03 -4.20012618e-04 -4.32245517e-03 -1.80895352e-03 -1.64969000e-03 -9.51928473e-04  4.05800551e-04 -9.71906276e-04  1.82035108e-03 -1.76889358e-03 -6.49108756e-04
 1.11903810e+01 -7.42562516e-02  4.83469839e-03 -4.22820135e-02 -7.06586038e-03 -4.91215096e-03 -2.07681429e-03  1.73786433e-03  2.97595988e-03  2.80028414e-03 -3.65455578e-04 -4.33465979e-03 -1.83490715e-03 -1.63392835e-03 -8.94087059e-04  4.89265630e-04 -9.16075358e-04  1.65807626e-03 -1.64627452e-03 -5.73733596e-04
 1.12424850e+01 -7.20294168e-02  4.82476007e-03 -4.09293109e-02 -6.97672907e-03 -4.75176307e-03 -1.97093841e-03  1.89438514e-03  2.93920037e-03  2.85304461e-03 -3.17585406e-04 -4.35139228e-03 -1.84850994e-03 -1.61969506e-03 -8.42340505e-04  5.73983149e-04 -8.63171703e-04  1.48476426e-03 -1.53134818e-03 -5.03748031e-04
 1.12945890e+01 -6.98775535e-02  4.81468221e-03 -3.96294166e-02 -6.89096264e-03 -4.59731829e-03 -1.86919561e-03  2.04188587e-03  2.90121366e-03  2.90622666e-03 -2.76553321e-04 -4.37254901e-03 -1.85028235e-03 -1.60722775e-03 -7.96901970e-04  6.59214829e-04 -8.13367590e-04  1.30137942e-03 -1.42428267e-03 -4.39601219e-04
 1.13466930e+01 -6.77976833e-02  4.80374632e-03 -3.83804685e-02 -6.80756233e-03 -4.44805523e-03 -1.77114609e-03  2.17957290e-03  2.86209347e-03  2.95940347e-03 -2.42454184e-04 -4.39797819e-03 -1.84080428e-03 -1.59674027e-03 -7.57942430e-04  7.44241503e-04 -7.66795130e-04  1.10891819e-03 -1.32519371e-03 -3.81679385e-04
 1.13987980e+01 -6.57868965e-02  4.79123736e-03 -3.71805956e-02 -6.72564071e-03 -4.30326152e-03 -1.67637997e-03  2.30674887e-03  2.82192763e-03  3.01217745e-03 -2.15327330e-04 -4.42748366e-03 -1.82070609e-03 -1.58842340e-03 -7.25591698e-04  8.28367674e-04 -7.23545520e-04  9.08401068e-04 -1.23414533e-03 -3.30303823e-04
 1.14509020e+01 -6.38425029e-02  4.77645644e-03 -3.60280115e-02 -6.64442403e-03 -4.16228495e-03 -1.58452648e-03  2.42280597e-03  2.78080245e-03  3.06417827e-03 -1.95160197e-04 -4.46082597e-03 -1.79066199e-03 -1.58244658e-03 -6.99942347e-04  9.10917894e-04 -6.83672727e-04  7.00884038e-04 -1.15115919e-03 -2.85734175e-04
 1.15030060e+01 -6.19617993e-02  4.75873023e-03 -3.49208791e-02 -6.56323873e-03 -4.02451672e-03 -1.49524468e-03  2.52724249e-03  2.73879934e-03  3.11507074e-03 -1.81887234e-04 -4.49772964e-03 -1.75137973e-03 -1.57895808e-03 -6.81047517e-04  9.91249109e-04 -6.47189269e-04  4.87431178e-04 -1.07620650e-03 -2.48162494e-04
 1.15551100e+01 -6.01422226e-02  4.73742174e-03 -3.38574059e-02 -6.48151348e-03 -3.88940235e-03 -1.40823201e-03  2.61965400e-03  2.69599880e-03  3.16455203e-03 -1.75394477e-04 -4.53788495e-03 -1.70359419e-03 -1.57808692e-03 -6.68925021e-04  1.06874666e-03 -6.14070686e-04  2.69125580e-04 -1.00921758e-03 -2.17717789e-04
 1.16072140e+01 -5.83813096e-02  4.71193906e-03 -3.28358235e-02 -6.39877317e-03 -3.75643839e-03 -1.32322326e-03  2.69973620e-03  2.65248062e-03  3.21235369e-03 -1.75521634e-04 -4.58095278e-03 -1.64805965e-03 -1.57994394e-03 -6.63558086e-04  1.14282822e-03 -5.84256050e-04  4.70611565e-05 -9.50082514e-04 -1.94465893e-04
 1.16593190e+01 -5.66766634e-02  4.68174279e-03 -3.18543717e-02 -6.31463267e-03 -3.62516922e-03 -1.23998951e-03  2.76728570e-03  2.60832372e-03  3.25824315e-03 -1.82065208e-04 -4.62656988e-03 -1.58554155e-03 -1.58462325e-03 -6.64896810e-04  1.21294723e-03 -5.57649130e-04 -1.77666175e-04 -8.98652593e-04 -1.78410565e-04
 1.17114230e+01 -5.50260813e-02  4.64635552e-03 -3.09113762e-02 -6.22879861e-03 -3.49519624e-03 -1.15834448e-03  2.82219387e-03  2.56361012e-03  3.30202062e-03 -1.94781061e-04 -4.67434981e-03 -1.51681468e-03 -1.59220303e-03 -6.72859224e-04  1.27858952e-03 -5.34122259e-04 -4.03945719e-04 -8.54746572e-04 -1.69496315e-04
 1.17635270e+01 -5.34273576e-02  4.60536454e-03 -3.00051380e-02 -6.14105472e-03 -3.36616168e-03 -1.07813468e-03  2.86445281e-03  2.51842036e-03  3.34352434e-03 -2.13388578e-04 -4.72389280e-03 -1.44264975e-03 -1.60274729e-03 -6.87332680e-04  1.33928322e-03 -5.13515385e-04 -6.30682491e-04 -8.18147139e-04 -1.67608639e-04
 1.18156310e+01 -5.18784140e-02  4.55842924e-03 -2.91340125e-02 -6.05126325e-03 -3.23775745e-03 -9.99245070e-04  2.89414738e-03  2.47283721e-03  3.38262687e-03 -2.37573878e-04 -4.77478683e-03 -1.36381217e-03 -1.61630673e-03 -7.08175038e-04  1.39459475e-03 -4.95640468e-04 -8.56784584e-04 -7.88607421e-04 -1.72577802e-04
 1.18677350e+01 -5.03772649e-02  4.50528483e-03 -2.82963927e-02 -5.95935815e-03 -3.10972113e-03 -9.21596397e-04  2.91145353e-03  2.42694503e-03  3.41923546e-03 -2.66993620e-04 -4.82661308e-03 -1.28105550e-03 -1.63291987e-03 -7.35215754e-04  1.44413166e-03 -4.80283416e-04 -1.08117207e-03 -7.65852334e-04 -1.84181175e-04
 1.19198400e+01 -4.89219885e-02  4.44574448e-03 -2.74906973e-02 -5.86533799e-03 -2.98183181e-03 -8.45142266e-04  2.91663455e-03  2.38082908e-03  3.45329203e-03 -3.01279575e-04 -4.87895137e-03 -1.19511481e-03 -1.65261436e-03 -7.68257643e-04  1.48754449e-03 -4.67206472e-04 -1.30278584e-03 -7.49580756e-04 -2.02146614e-04
 1.19719440e+01 -4.75108357e-02  4.37970629e-03 -2.67154335e-02 -5.76926778e-03 -2.85391808e-03 -7.69873215e-04  2.91003666e-03  2.33457905e-03  3.48476965e-03 -3.40039860e-04 -4.93138053e-03 -1.10670872e-03 -1.67540632e-03 -8.07075288e-04  1.52452449e-03 -4.56151918e-04 -1.52057518e-03 -7.39469098e-04 -2.26154184e-04
 1.20240480e+01 -4.61420612e-02  4.30714793e-03 -2.59691074e-02 -5.67126272e-03 -2.72584119e-03 -6.95805804e-04  2.89208495e-03  2.28828378e-03  3.51367538e-03 -3.82866912e-04 -4.98348865e-03 -1.01652536e-03 -1.70130327e-03 -8.51419895e-04  1.55480936e-03 -4.46843423e-04 -1.73352794e-03 -7.35171895e-04 -2.55841683e-04
 1.20761520e+01 -4.48140338e-02  4.22813145e-03 -2.52502886e-02 -5.57148988e-03 -2.59750266e-03 -6.22986110e-04  2.86327748e-03  2.24203462e-03  3.54004630e-03 -4.29338985e-04 -5.03487314e-03 -9.25225276e-04 -1.73030323e-03 -9.01017933e-04  1.57818026e-03 -4.38990007e-04 -1.94065786e-03 -7.36325673e-04 -2.90807006e-04
 1.21282570e+01 -4.35251818e-02  4.14280009e-03 -2.45575831e-02 -5.47015890e-03 -2.46883691e-03 -5.51484229e-04  2.82417915e-03  2.19592357e-03  3.56394918e-03 -4.79025780e-04 -5.08514652e-03 -8.33434760e-04 -1.76239623e-03 -9.55573895e-04  1.59446321e-03 -4.32288643e-04 -2.14101712e-03 -7.42551253e-04 -3.30613057e-04
 1.21803610e+01 -4.22740889e-02  4.05138356e-03 -2.38896881e-02 -5.36752430e-03 -2.33981855e-03 -4.81396851e-04  2.77541895e-03  2.15004657e-03  3.58547705e-03 -5.31488561e-04 -5.13393620e-03 -7.41750071e-04 -1.79756200e-03 -1.01476716e-03  1.60352800e-03 -4.26427767e-04 -2.33368542e-03 -7.53455725e-04 -3.74788552e-04
 1.22324650e+01 -4.10593433e-02  3.95418588e-03 -2.32453141e-02 -5.26386835e-03 -2.21044487e-03 -4.12835929e-04  2.71767919e-03  2.10449792e-03  3.60475021e-03 -5.86289815e-04 -5.18089363e-03 -6.50724460e-04 -1.83577389e-03 -1.07825948e-03  1.60528984e-03 -4.21089561e-04 -2.51779728e-03 -7.68635758e-04 -4.22836708e-04
 1.22845690e+01 -3.98796346e-02  3.85158875e-03 -2.26232398e-02 -5.15950331e-03 -2.08074286e-03 -3.45930941e-04  2.65169182e-03  2.05937355e-03  3.62191242e-03 -6.42993310e-04 -5.22569354e-03 -5.60873222e-04 -1.87699643e-03 -1.14569222e-03  1.59970754e-03 -4.15953531e-04 -2.69253072e-03 -7.87679808e-04 -4.74236474e-04
 1.23366730e+01 -3.87337261e-02  3.74404589e-03 -2.20223004e-02 -5.05476423e-03 -1.95076382e-03 -2.80824126e-04  2.57823108e-03  2.01476978e-03  3.63712935e-03 -7.01168708e-04 -5.26803765e-03 -4.72670361e-04 -1.92118588e-03 -1.21668872e-03  1.58678322e-03 -4.10699389e-04 -2.85711506e-03 -8.10170812e-04 -5.28447538e-04
 1.23887780e+01 -3.76204307e-02  3.63207619e-03 -2.14413770e-02 -4.95000163e-03 -1.82057786e-03 -2.17665821e-04  2.49810498e-03  1.97078214e-03  3.65058667e-03 -7.60396232e-04 -5.30765793e-03 -3.86545769e-04 -1.96829092e-03 -1.29085730e-03  1.56656093e-03 -4.05009935e-04 -3.01083773e-03 -8.35689341e-04 -5.84915796e-04
 1.24408820e+01 -3.65386924e-02  3.51626679e-03 -2.08794422e-02 -4.84558450e-03 -1.69028088e-03 -1.56615755e-04  2.41215463e-03  1.92750832e-03  3.66248673e-03 -8.20265433e-04 -5.34431573e-03 -3.02890996e-04 -2.01824865e-03 -1.36778715e-03  1.53912716e-03 -3.98574434e-04 -3.15303624e-03 -8.63814215e-04 -6.43073386e-04
 1.24929860e+01 -3.54874549e-02  3.39725400e-03 -2.03354935e-02 -4.74188319e-03 -1.55997656e-03 -9.78322499e-05  2.32123786e-03  1.88504277e-03  3.67304774e-03 -8.80385138e-04 -5.37780819e-03 -2.22048891e-04 -2.07098966e-03 -1.44705869e-03  1.50460724e-03 -3.91090839e-04 -3.28311945e-03 -8.94128079e-04 -7.02349663e-04
 1.25450900e+01 -3.44657443e-02  3.27572498e-03 -1.98085992e-02 -4.63927276e-03 -1.42978336e-03 -4.14736146e-05  2.22622825e-03  1.84347959e-03  3.68250017e-03 -9.40381793e-04 -5.40796663e-03 -1.44320191e-04 -2.12643397e-03 -1.52823989e-03  1.46316506e-03 -3.82268988e-04 -3.40055879e-03 -9.26218089e-04 -7.62171354e-04
 1.25971940e+01 -3.34726437e-02  3.15240822e-03 -1.92978864e-02 -4.53812636e-03 -1.29982906e-03  1.23065024e-05  2.12800649e-03  1.80291134e-03  3.69108448e-03 -9.99903199e-04 -5.43465844e-03 -6.99621145e-05 -2.18449139e-03 -1.61088973e-03  1.41500102e-03 -3.71833181e-04 -3.50489440e-03 -9.59678934e-04 -8.21968085e-04
 1.26492990e+01 -3.25072715e-02  3.02806327e-03 -1.88025321e-02 -4.43880899e-03 -1.17024552e-03  6.33633736e-05  2.02745155e-03  1.76342779e-03  3.69904850e-03 -1.05862196e-03 -5.45778828e-03  8.12367705e-07 -2.24506217e-03 -1.69456212e-03  1.36034895e-03 -3.59524480e-04 -3.59573950e-03 -9.94116003e-04 -8.81177941e-04
 1.27014030e+01 -3.15688510e-02  2.90348196e-03 -1.83218006e-02 -4.34168101e-03 -1.04117587e-03  1.11560481e-04  1.92544150e-03  1.72511853e-03  3.70664411e-03 -1.11623301e-03 -5.47729685e-03  6.78282629e-05 -2.30803169e-03 -1.77880183e-03  1.29947818e-03 -3.45104105e-04 -3.67277624e-03 -1.02914514e-03 -9.39247307e-04
 1.27535070e+01 -3.06565961e-02  2.77946547e-03 -1.78549853e-02 -4.24708283e-03 -9.12757119e-04  1.56778365e-04  1.82283525e-03  1.68806798e-03  3.71412531e-03 -1.17246213e-03 -5.49316355e-03  1.30955519e-04 -2.37327697e-03 -1.86315669e-03  1.23268495e-03 -3.28354302e-04 -3.73576839e-03 -1.06439895e-03 -9.95642015e-04
 1.28056110e+01 -2.97697817e-02  2.65682497e-03 -1.74014469e-02 -4.15533904e-03 -7.85127753e-04  1.98913396e-04  1.72047377e-03  1.65235799e-03  3.72174471e-03 -1.22706275e-03 -5.50540446e-03  1.90102057e-04 -2.44066145e-03 -1.94717387e-03  1.16029394e-03 -3.09081352e-04 -3.78455603e-03 -1.09952637e-03 -1.04984699e-03
 1.28577150e+01 -2.89077213e-02  2.53637026e-03 -1.69606019e-02 -4.06675319e-03 -6.58423174e-04  2.37881268e-04  1.61917191e-03  1.61806665e-03  3.72975075e-03 -1.27981819e-03 -5.51407219e-03  2.45213448e-04 -2.51003572e-03 -2.03040425e-03  1.08265466e-03 -2.87117275e-04 -3.81905902e-03 -1.13419538e-03 -1.10137146e-03
 1.29098200e+01 -2.80697481e-02  2.41889845e-03 -1.65319137e-02 -3.98160326e-03 -5.32771454e-04  2.73619856e-04  1.51971065e-03  1.58526724e-03  3.73838495e-03 -1.33054332e-03 -5.51925503e-03  2.96271920e-04 -2.58123846e-03 -2.11240688e-03  1.00013705e-03 -2.62321067e-04 -3.83927845e-03 -1.16809557e-03 -1.14975384e-03
 1.29619240e+01 -2.72552747e-02  2.30519393e-03 -1.61149235e-02 -3.90014549e-03 -4.08301386e-04  3.06088423e-04  1.42283907e-03  1.55403030e-03  3.74787828e-03 -1.37908107e-03 -5.52107539e-03  3.43290369e-04 -2.65409067e-03 -2.19274567e-03  9.13134986e-04 -2.34582184e-04 -3.84529625e-03 -1.20093727e-03 -1.19456178e-03
 1.30140280e+01 -2.64636937e-02  2.19600598e-03 -1.57091988e-02 -3.82260226e-03 -2.85126733e-04  3.35273297e-04  1.32925771e-03  1.52441947e-03  3.75844925e-03 -1.42530833e-03 -5.51968888e-03  3.86315918e-04 -2.72840366e-03 -2.27100184e-03  8.22053894e-04 -2.03818995e-04 -3.83727792e-03 -1.23245703e-03 -1.23540134e-03
 1.30661320e+01 -2.56944388e-02  2.09204926e-03 -1.53143652e-02 -3.74916673e-03 -1.63354908e-04  3.61186258e-04  1.23962141e-03  1.49649363e-03  3.77030040e-03 -1.46913174e-03 -5.51528202e-03  4.25423435e-04 -2.80397356e-03 -2.34677063e-03  7.27313925e-04 -1.69981711e-04 -3.81547076e-03 -1.26241629e-03 -1.27191656e-03
 1.31182360e+01 -2.49469662e-02  1.99399326e-03 -1.49300951e-02 -3.67999958e-03 -4.30838689e-05  3.83866093e-04  1.15453310e-03  1.47030594e-03  3.78361564e-03 -1.51048808e-03 -5.50807032e-03  4.60713943e-04 -2.88058273e-03 -2.41966588e-03  6.29345393e-04 -1.33052771e-04 -3.78020391e-03 -1.29060320e-03 -1.30379339e-03
 1.31703410e+01 -2.42207371e-02  1.90245285e-03 -1.45560986e-02 -3.61522655e-03  7.56005250e-05  4.03379391e-04  1.07453836e-03  1.44590300e-03  3.79855794e-03 -1.54934406e-03 -5.49829571e-03  4.92312479e-04 -2.95800154e-03 -2.48932434e-03  5.28583764e-04 -9.30466310e-05 -3.73188645e-03 -1.31683391e-03 -1.33076302e-03
 1.32224450e+01 -2.35152708e-02  1.81798789e-03 -1.41921490e-02 -3.55494240e-03  1.92615523e-04  4.19819177e-04  1.00012813e-03  1.42332644e-03  3.81526558e-03 -1.58569223e-03 -5.48622488e-03  5.20362944e-04 -3.03598278e-03 -2.55540322e-03  4.25474391e-04 -5.00132163e-05 -3.67100996e-03 -1.34095128e-03 -1.35260233e-03
 1.32745490e+01 -2.28300587e-02  1.74108611e-03 -1.38380374e-02 -3.49920294e-03  3.07894957e-04  4.33306843e-04  9.31726620e-04  1.40260980e-03  3.83385150e-03 -1.61955398e-03 -5.47214537e-03  5.45028895e-04 -3.11427122e-03 -2.61759103e-03  3.20457899e-04 -4.03337430e-06 -3.59814106e-03 -1.36282826e-03 -1.36913907e-03
 1.33266530e+01 -2.21646179e-02  1.67216434e-03 -1.34935983e-02 -3.44802986e-03  4.21379637e-04  4.43989895e-04  8.69695212e-04  1.38378028e-03  3.85440003e-03 -1.65097476e-03 -5.45636338e-03  5.66488181e-04 -3.19259844e-03 -2.67560476e-03  2.13974923e-04  4.47783303e-05 -3.51392254e-03 -1.38236596e-03 -1.38025147e-03
 1.33787580e+01 -2.15184629e-02  1.61156049e-03 -1.31586930e-02 -3.40140877e-03  5.33021074e-04  4.52041427e-04  8.14328110e-04  1.36685771e-03  3.87696570e-03 -1.68002354e-03 -5.43920027e-03  5.84931046e-04 -3.27068680e-03 -2.72919465e-03  1.06459271e-04  9.62758595e-05 -3.41906765e-03 -1.39949434e-03 -1.38587016e-03
 1.34308620e+01 -2.08911530e-02  1.55953380e-03 -1.28332318e-02 -3.35929323e-03  6.42772030e-04  4.57658142e-04  7.65855241e-04  1.35185569e-03  3.90156981e-03 -1.70678842e-03 -5.42099075e-03  6.00555932e-04 -3.34824459e-03 -2.77814242e-03 -1.65656212e-06  1.50278468e-04 -3.31436426e-03 -1.41417062e-03 -1.38597880e-03
 1.34829660e+01 -2.02822161e-02  1.51625453e-03 -1.25171324e-02 -3.32160017e-03  7.50598289e-04  4.61059520e-04  7.24435217e-04  1.33877959e-03  3.92820164e-03 -1.73137773e-03 -5.40207764e-03  6.13568815e-04 -3.42497644e-03 -2.82226934e-03 -1.09956418e-04  2.06577692e-04 -3.20065992e-03 -1.42638054e-03 -1.38061520e-03
 1.35350700e+01 -1.96911975e-02  1.48180636e-03 -1.22103421e-02 -3.28821474e-03  8.56468808e-04  4.62485097e-04  6.90159632e-04  1.32762784e-03  3.95681580e-03 -1.75391535e-03 -5.38280994e-03  6.24179029e-04 -3.50057882e-03 -2.86143373e-03 -2.18034711e-04  2.64934766e-04 -3.07886454e-03 -1.43613625e-03 -1.36987078e-03
 1.35871740e+01 -1.91176460e-02  1.45618379e-03 -1.19128280e-02 -3.25899091e-03  9.60356549e-04  4.62192307e-04  6.63052398e-04  1.31839161e-03  3.98733187e-03 -1.77453872e-03 -5.36353919e-03  6.32597052e-04 -3.57474328e-03 -2.89553337e-03 -3.25500809e-04  3.25083198e-04 -2.94994365e-03 -1.44347550e-03 -1.35389036e-03
 1.36392790e+01 -1.85611021e-02  1.43929150e-03 -1.16245682e-02 -3.23375271e-03  1.06223901e-03  4.60453850e-04  6.43070464e-04  1.31105475e-03  4.01963484e-03 -1.79339666e-03 -5.34461587e-03  6.39032133e-04 -3.64715971e-03 -2.92450702e-03 -4.31983194e-04  3.86731819e-04 -2.81491038e-03 -1.44846048e-03 -1.33287080e-03
 1.36913830e+01 -1.80211398e-02  1.43094615e-03 -1.13455702e-02 -3.21229822e-03  1.16208904e-03  4.57555062e-04  6.30106765e-04  1.30559451e-03  4.05357264e-03 -1.81064529e-03 -5.32638759e-03  6.43689513e-04 -3.71751284e-03 -2.94833296e-03 -5.37123262e-04  4.49562155e-04 -2.67482999e-03 -1.45117598e-03 -1.30706129e-03
 1.37434870e+01 -1.74973016e-02  1.43087610e-03 -1.10758343e-02 -3.19439896e-03  1.25988515e-03  4.53790738e-04  6.23990027e-04  1.30198081e-03  4.08896040e-03 -1.82644762e-03 -5.30919374e-03  6.46769002e-04 -3.78549273e-03 -2.96703259e-03 -6.40589325e-04  5.13237894e-04 -2.53079796e-03 -1.45172837e-03 -1.27675917e-03
 1.37955910e+01 -1.69891411e-02  1.43872559e-03 -1.08153724e-02 -3.17980443e-03  1.35560235e-03  4.49462146e-04  6.24489018e-04  1.30017715e-03  4.12557895e-03 -1.84096941e-03 -5.29336392e-03  6.48462474e-04 -3.85079146e-03 -2.98066798e-03 -7.42069939e-04  5.77402775e-04 -2.38394351e-03 -1.45024334e-03 -1.24230909e-03
 1.38476950e+01 -1.64962115e-02  1.45405799e-03 -1.05641995e-02 -3.16824435e-03  1.44921292e-03  4.44873833e-04  6.31315182e-04  1.30014066e-03  4.16317680e-03 -1.85437707e-03 -5.27921466e-03  6.48952238e-04 -3.91310687e-03 -2.98934203e-03 -8.41277262e-04  6.41684565e-04 -2.23541991e-03 -1.44686411e-03 -1.20409993e-03
 1.38998000e+01 -1.60180565e-02  1.47636089e-03 -1.03223255e-02 -3.15943147e-03  1.54068703e-03  4.40330308e-04  6.44126460e-04  1.30182257e-03  4.20147267e-03 -1.86683545e-03 -5.26704642e-03  6.48409460e-04 -3.97214609e-03 -2.99319749e-03 -9.37949967e-04  7.05699282e-04 -2.08639422e-03 -1.44174932e-03 -1.16256079e-03
 1.39519040e+01 -1.55542461e-02  1.50504976e-03 -1.00897708e-02 -3.15306527e-03  1.62998492e-03  4.36133178e-04  6.62530140e-04  1.30516837e-03  4.24015479e-03 -1.87850454e-03 -5.25714195e-03  6.46992885e-04 -4.02762346e-03 -2.99241556e-03 -1.03184672e-03  7.69049451e-04 -1.93805102e-03 -1.43507137e-03 -1.11816067e-03
 1.40040080e+01 -1.51043216e-02  1.53947686e-03 -9.86653543e-03 -3.14883416e-03  1.71706671e-03  4.32577443e-04  6.86088677e-04  1.31011839e-03  4.27888795e-03 -1.88953873e-03 -5.24976247e-03  6.44847673e-04 -4.07926982e-03 -2.98721457e-03 -1.12275797e-03  8.31334798e-04 -1.79156725e-03 -1.42701366e-03 -1.07139967e-03
 1.40561120e+01 -1.46678323e-02  1.57893673e-03 -9.65261508e-03 -3.14641948e-03  1.80188493e-03  4.29948770e-04  7.14323498e-04  1.31660818e-03  4.31731362e-03 -1.90008385e-03 -5.24514657e-03  6.42104560e-04 -4.12683031e-03 -2.97784756e-03 -1.21049887e-03  8.92150752e-04 -1.64811563e-03 -1.41776879e-03 -1.02280783e-03
 1.41082160e+01 -1.42443265e-02  1.62267424e-03 -9.44799382e-03 -3.14549872e-03  1.88438609e-03  4.28520458e-04  7.46720178e-04  1.32456896e-03  4.35505405e-03 -1.91027556e-03 -5.24350802e-03  6.38879230e-04 -4.17006784e-03 -2.96459997e-03 -1.29491136e-03  9.51093188e-04 -1.50885360e-03 -1.40753632e-03 -9.72939743e-04
 1.41603210e+01 -1.38333431e-02  1.66989387e-03 -9.25263807e-03 -3.14574881e-03  1.96451228e-03  4.28550680e-04  7.82734419e-04  1.33392827e-03  4.39171674e-03 -1.92023797e-03 -5.24503423e-03  6.35271870e-04 -4.20876610e-03 -2.94778655e-03 -1.37586571e-03  1.00776306e-03 -1.37491261e-03 -1.39652040e-03 -9.22368635e-04
 1.42124250e+01 -1.34344434e-02  1.71976475e-03 -9.06650930e-03 -3.14684954e-03  2.04219541e-03  4.30279882e-04  8.21794683e-04  1.34460968e-03  4.42689568e-03 -1.93008140e-03 -5.24988469e-03  6.31367302e-04 -4.24272878e-03 -2.92774967e-03 -1.45325417e-03  1.06176569e-03 -1.24740012e-03 -1.38492850e-03 -8.71685174e-04
 1.42645290e+01 -1.30471637e-02  1.77143529e-03 -8.88953967e-03 -3.14848684e-03  2.11736710e-03  4.33928459e-04  8.63312005e-04  1.35653438e-03  4.46017989e-03 -1.93990244e-03 -5.25819012e-03  6.27234665e-04 -4.27178602e-03 -2.90485405e-03 -1.52699994e-03  1.11272088e-03 -1.12737613e-03 -1.37296813e-03 -8.21486303e-04
 1.43166330e+01 -1.26710470e-02  1.82403891e-03 -8.72164554e-03 -3.15035605e-03  2.18995338e-03  4.39694719e-04  9.06683053e-04  1.36962086e-03  4.49115509e-03 -1.94978219e-03 -5.27005159e-03  6.22927998e-04 -4.29579320e-03 -2.87948442e-03 -1.59705032e-03  1.16026204e-03 -1.01585570e-03 -1.36084567e-03 -7.72373694e-04
 1.43687370e+01 -1.23056355e-02  1.87670452e-03 -8.56272230e-03 -3.15216500e-03  2.25987736e-03  4.47753118e-04  9.51296630e-04  1.38378560e-03  4.51940914e-03 -1.95978585e-03 -5.28554007e-03  6.18486706e-04 -4.31463327e-03 -2.85204153e-03 -1.66337765e-03  1.20404078e-03 -9.13798756e-04 -1.34876435e-03 -7.24947270e-04
 1.44208420e+01 -1.19504634e-02  1.92856695e-03 -8.41264045e-03 -3.15363706e-03  2.32706197e-03  4.58253022e-04  9.96540416e-04  1.39894371e-03  4.54453724e-03 -1.96996240e-03 -5.30469660e-03  6.13936202e-04 -4.32821842e-03 -2.82293761e-03 -1.72597967e-03  1.24373092e-03 -8.22101111e-04 -1.33692224e-03 -6.79798836e-04
 1.44729460e+01 -1.16050850e-02  1.97877249e-03 -8.27125621e-03 -3.15451378e-03  2.39142638e-03  4.71316742e-04  1.04180333e-03  1.41500815e-03  4.56614494e-03 -1.98034370e-03 -5.32753088e-03  6.09289181e-04 -4.33649023e-03 -2.79259466e-03 -1.78487380e-03  1.27902876e-03 -7.41594464e-04 -1.32551158e-03 -6.37510002e-04
 1.45250500e+01 -1.12690331e-02  2.02649410e-03 -8.13839363e-03 -3.15455769e-03  2.45289556e-03  4.87039948e-04  1.08648651e-03  1.43189181e-03  4.58385588e-03 -1.99094570e-03 -5.35402384e-03  6.04546182e-04 -4.33942212e-03 -2.76143704e-03 -1.84010339e-03  1.30966065e-03 -6.73029376e-04 -1.31471588e-03 -5.98641561e-04
 1.45771540e+01 -1.09418475e-02  2.07093629e-03 -8.01385612e-03 -3.15355457e-03  2.51139701e-03  5.05490469e-04  1.13000551e-03  1.44950667e-03  4.59731461e-03 -2.00176797e-03 -5.38412685e-03  5.99697171e-04 -4.33701885e-03 -2.72988950e-03 -1.89173167e-03  1.33538262e-03 -6.17076630e-04 -1.30470957e-03 -5.63731742e-04
 1.46292590e+01 -1.06230619e-02  2.11134541e-03 -7.89742135e-03 -3.15131551e-03  2.56686509e-03  5.26708802e-04  1.17179742e-03  1.46776471e-03  4.60619187e-03 -2.01279459e-03 -5.41776371e-03  5.94722734e-04 -4.32931688e-03 -2.69837206e-03 -1.93984274e-03  1.35598413e-03 -5.74319352e-04 -1.29565639e-03 -5.33289705e-04
 1.46813630e+01 -1.03122289e-02  2.14701458e-03 -7.78885039e-03 -3.14767898e-03  2.61923898e-03  5.50706661e-04  1.21132289e-03  1.48657666e-03  4.61018851e-03 -2.02399412e-03 -5.45482911e-03  5.89595932e-04 -4.31638519e-03 -2.66729835e-03 -1.98453671e-03  1.37128880e-03 -5.45251342e-04 -1.28770904e-03 -5.07792965e-04
 1.47334670e+01 -1.00088835e-02  2.17729578e-03 -7.68787492e-03 -3.14251211e-03  2.66847113e-03  5.77469974e-04  1.24807603e-03  1.50585431e-03  4.60904077e-03 -2.03532174e-03 -5.49519390e-03  5.84283296e-04 -4.29832402e-03 -2.63706811e-03 -2.02593396e-03  1.38115880e-03 -5.30268112e-04 -1.28100732e-03 -4.87679326e-04
 1.47855710e+01 -9.71256879e-03  2.20160333e-03 -7.59420725e-03 -3.13571215e-03  2.71452501e-03  6.06958171e-04  1.28158575e-03  1.52550926e-03  4.60252349e-03 -2.04671959e-03 -5.53870418e-03  5.78746835e-04 -4.27526488e-03 -2.60806589e-03 -2.06417011e-03  1.38549482e-03 -5.29667119e-04 -1.27567809e-03 -4.73345111e-04
 1.48376750e+01 -9.42282986e-03  2.21942065e-03 -7.50753918e-03 -3.12720735e-03  2.75737828e-03  6.39105722e-04  1.31142098e-03  1.54545329e-03  4.59045395e-03 -2.05811825e-03 -5.58518371e-03  5.72945606e-04 -4.24736959e-03 -2.58065686e-03 -2.09939568e-03  1.38423782e-03 -5.43644234e-04 -1.27183460e-03 -4.65140700e-04
 1.48897800e+01 -9.13920961e-03  2.23030558e-03 -7.42754195e-03 -3.11695741e-03  2.79702533e-03  6.73824248e-04  1.33719503e-03  1.56559888e-03  4.57269478e-03 -2.06943842e-03 -5.63443683e-03  5.66837283e-04 -4.21482847e-03 -2.55518308e-03 -2.13177538e-03  1.37736983e-03 -5.72292624e-04 -1.26957600e-03 -4.63367134e-04
 1.49418840e+01 -8.86127112e-03  2.23389392e-03 -7.35387393e-03 -3.10495458e-03  2.83347607e-03  7.11001470e-04  1.35856719e-03  1.58585760e-03  4.54915824e-03 -2.08059160e-03 -5.68624673e-03  5.60380305e-04 -4.17786158e-03 -2.53196229e-03 -2.16148443e-03  1.36491514e-03 -6.15599229e-04 -1.26898734e-03 -4.68273146e-04
 1.49939880e+01 -8.58856611e-03  2.22990407e-03 -7.28617338e-03 -3.09122252e-03  2.86676197e-03  7.50507083e-04  1.37524884e-03  1.60614249e-03  4.51980657e-03 -2.09148313e-03 -5.74038342e-03  5.53534830e-04 -4.13671330e-03 -2.51128222e-03 -2.18871100e-03  1.34693979e-03 -6.73447813e-04 -1.27013910e-03 -4.80052438e-04
 1.50460920e+01 -8.32065795e-03  2.21813850e-03 -7.22406681e-03 -3.07581671e-03  2.89693428e-03  7.92192199e-04  1.38700391e-03  1.62636649e-03  4.48465518e-03 -2.10201302e-03 -5.79660225e-03  5.46264796e-04 -4.09165293e-03 -2.49340015e-03 -2.21365243e-03  1.32355181e-03 -7.45617578e-04 -1.27308751e-03 -4.98841915e-04
 1.50981960e+01 -8.05711746e-03  2.19848557e-03 -7.16716972e-03 -3.05882365e-03  2.92406577e-03  8.35892195e-04  1.39365152e-03  1.64644276e-03  4.44377374e-03 -2.11207807e-03 -5.85464735e-03  5.38539340e-04 -4.04297202e-03 -2.47854017e-03 -2.23651469e-03  1.29490062e-03 -8.31784879e-04 -1.27787460e-03 -5.24720072e-04
 1.51503010e+01 -7.79751937e-03  2.17091946e-03 -7.11508821e-03 -3.04035956e-03  2.94825190e-03  8.81429924e-04  1.39506755e-03  1.66628512e-03  4.39728612e-03 -2.12157390e-03 -5.91425518e-03  5.30334076e-04 -3.99098111e-03 -2.46689130e-03 -2.25751157e-03  1.26117548e-03 -9.31527335e-04 -1.28452866e-03 -5.57706678e-04
 1.52024050e+01 -7.54146371e-03  2.13550213e-03 -7.06742554e-03 -3.02057066e-03  2.96960935e-03  9.28614587e-04  1.39118560e-03  1.68580648e-03  4.34537441e-03 -2.13039609e-03 -5.97515248e-03  5.21633078e-04 -3.93601139e-03 -2.45860677e-03 -2.27686195e-03  1.22260685e-03 -1.04431871e-03 -1.29306402e-03 -5.97759628e-04
 1.52545090e+01 -7.28854762e-03  2.09237885e-03 -7.02377903e-03 -2.99962949e-03  2.98827888e-03  9.77249431e-04  1.38199768e-03  1.70492114e-03  4.28827338e-03 -2.13844325e-03 -6.03706566e-03  5.12429147e-04 -3.87840621e-03 -2.45380167e-03 -2.29479116e-03  1.17946097e-03 -1.16954394e-03 -1.30348233e-03 -6.44778764e-04
 1.53066130e+01 -7.03838707e-03  2.04177806e-03 -6.98374706e-03 -2.97773464e-03  3.00442299e-03  1.02713075e-03  1.36755394e-03  1.72354339e-03  4.22627320e-03 -2.14561808e-03 -6.09971878e-03  5.02725512e-04 -3.81852238e-03 -2.45255310e-03 -2.31152818e-03  1.13204040e-03 -1.30649589e-03 -1.31577264e-03 -6.98604028e-04
 1.53587170e+01 -6.79061376e-03  1.98400791e-03 -6.94693115e-03 -2.95510842e-03  3.01822580e-03  1.07805118e-03  1.34796208e-03  1.74158789e-03  4.15971736e-03 -2.15182945e-03 -6.16283711e-03  4.92536617e-04 -3.75672654e-03 -2.45489963e-03 -2.32730504e-03  1.08068114e-03 -1.45438196e-03 -1.32991211e-03 -7.59017074e-04
 1.54108220e+01 -6.54487231e-03  1.91945122e-03 -6.91293847e-03 -2.93199427e-03  3.02989214e-03  1.12980310e-03  1.32338570e-03  1.75897028e-03  4.08899946e-03 -2.15699423e-03 -6.22615084e-03  4.81888685e-04 -3.69339123e-03 -2.46084135e-03 -2.34235610e-03  1.02574907e-03 -1.61233265e-03 -1.34586705e-03 -8.25744147e-04
 1.54629260e+01 -6.30084120e-03  1.84856606e-03 -6.88138763e-03 -2.90865616e-03  3.03964525e-03  1.18217693e-03  1.29404456e-03  1.77560595e-03  4.01456651e-03 -2.16103864e-03 -6.28939258e-03  4.70821164e-04 -3.62889706e-03 -2.47033973e-03 -2.35691589e-03  9.67641379e-04 -1.77939513e-03 -1.36359243e-03 -8.98452846e-04
 1.55150300e+01 -6.05820642e-03  1.77187313e-03 -6.85190801e-03 -2.88537343e-03  3.04772640e-03  1.23496933e-03  1.26020954e-03  1.79141246e-03  3.93690794e-03 -2.16390043e-03 -6.35230691e-03  4.59385938e-04 -3.56362270e-03 -2.48331892e-03 -2.37121983e-03  9.06777191e-04 -1.95455793e-03 -1.38303444e-03 -9.76762279e-04
 1.55671340e+01 -5.81668256e-03  1.68995482e-03 -6.82414577e-03 -2.86243989e-03  3.05439181e-03  1.28798128e-03  1.22220169e-03  1.80630844e-03  3.85655785e-03 -2.16552999e-03 -6.41464775e-03  4.47648411e-04 -3.49794715e-03 -2.49966637e-03 -2.38550213e-03  8.43598496e-04 -2.13674585e-03 -1.40413020e-03 -1.06024094e-03
 1.56192380e+01 -5.57601011e-03  1.60344775e-03 -6.79776636e-03 -2.84016063e-03  3.05991049e-03  1.34102100e-03  1.18038859e-03  1.82021444e-03  3.77409000e-03 -2.16589185e-03 -6.47618165e-03  4.35687403e-04 -3.43224588e-03 -2.51923417e-03 -2.39999510e-03  7.78565674e-04 -2.32483014e-03 -1.42680885e-03 -1.14841120e-03
 1.56713430e+01 -5.33595288e-03  1.51303418e-03 -6.77245739e-03 -2.81884876e-03  3.06456161e-03  1.39390669e-03  1.13517975e-03  1.83305370e-03  3.69011219e-03 -2.16496585e-03 -6.53669088e-03  4.23594839e-04 -3.36688723e-03 -2.54184110e-03 -2.41492849e-03  7.12152632e-04 -2.51763984e-03 -1.45099290e-03 -1.24075478e-03
 1.57234470e+01 -5.09631850e-03  1.41944193e-03 -6.74793366e-03 -2.79882409e-03  3.06863126e-03  1.44646399e-03  1.08702613e-03  1.84475171e-03  3.60526841e-03 -2.16274840e-03 -6.59597065e-03  4.11476427e-04 -3.30223502e-03 -2.56727261e-03 -2.43052738e-03  6.44848238e-04 -2.71395470e-03 -1.47659723e-03 -1.33670956e-03
 1.57755510e+01 -4.85693258e-03  1.32342644e-03 -6.72393745e-03 -2.78040771e-03  3.07240976e-03  1.49853348e-03  1.03641035e-03  1.85523845e-03  3.52022443e-03 -2.15925329e-03 -6.65383775e-03  3.99449845e-04 -3.23863886e-03 -2.59528559e-03 -2.44701293e-03  5.77144868e-04 -2.91253549e-03 -1.50353273e-03 -1.43568446e-03
 1.58276550e+01 -4.61765906e-03  1.22576997e-03 -6.70024347e-03 -2.76392067e-03  3.07618798e-03  1.54996769e-03  9.83845295e-04  1.86444810e-03  3.43566927e-03 -2.15451257e-03 -6.71012744e-03  3.87645088e-04 -3.17643715e-03 -2.62560892e-03 -2.46460026e-03  5.09539663e-04 -3.11211753e-03 -1.53170534e-03 -1.53705706e-03
 1.58797600e+01 -4.37839254e-03  1.12727012e-03 -6.67666083e-03 -2.74968030e-03  3.08025402e-03  1.60063402e-03  9.29867086e-04  1.87232027e-03  3.35230684e-03 -2.14857704e-03 -6.76469697e-03  3.76203281e-04 -3.11595284e-03 -2.65794703e-03 -2.48349815e-03  4.42528128e-04 -3.31142647e-03 -1.56101794e-03 -1.64018200e-03
 1.59318640e+01 -4.13907820e-03  1.02873951e-03 -6.65303761e-03 -2.73799831e-03  3.08488932e-03  1.65041150e-03  8.75033793e-04  1.87880030e-03  3.27085688e-03 -2.14151718e-03 -6.81742270e-03  3.65276663e-04 -3.05749637e-03 -2.69198012e-03 -2.50390652e-03  3.76605419e-04 -3.50917141e-03 -1.59136889e-03 -1.74438808e-03
 1.59839680e+01 -3.89968548e-03  9.30986412e-04 -6.62926072e-03 -2.72917621e-03  3.09036546e-03  1.69919714e-03  8.19913552e-04  1.88384108e-03  3.19203973e-03 -2.13342279e-03 -6.86820737e-03  3.55026242e-04 -3.00135723e-03 -2.72737075e-03 -2.52601767e-03  3.12254811e-04 -3.70407630e-03 -1.62265624e-03 -1.84899526e-03
 1.60360720e+01 -3.66022750e-03  8.34814401e-04 -6.60526012e-03 -2.72350354e-03  3.09694024e-03  1.74690223e-03  7.65082849e-04  1.88740343e-03  3.11657709e-03 -2.12440353e-03 -6.91697675e-03  3.45621526e-04 -2.94780739e-03 -2.76376438e-03 -2.55001373e-03  2.49949118e-04 -3.89487307e-03 -1.65477626e-03 -1.95331202e-03
 1.60881760e+01 -3.42075721e-03  7.41012681e-04 -6.58101051e-03 -2.72125478e-03  3.10485412e-03  1.79345333e-03  7.11119515e-04  1.88945723e-03  3.04518451e-03 -2.11458876e-03 -6.96368138e-03  3.37239031e-04 -2.89709903e-03 -2.80079316e-03 -2.57606603e-03  1.90145759e-04 -4.08031376e-03 -1.68762477e-03 -2.05664273e-03
 1.61402810e+01 -3.18136329e-03  6.50346729e-04 -6.55653278e-03 -2.72268670e-03  3.11432686e-03  1.83879291e-03  6.58595663e-04  1.88998239e-03  2.97856430e-03 -2.10412712e-03 -7.00829794e-03  3.30060771e-04 -2.84946286e-03 -2.83807994e-03 -2.60433457e-03  1.33282163e-04 -4.25918214e-03 -1.72109846e-03 -2.15829496e-03
 1.61923850e+01 -2.94218870e-03  5.63557789e-04 -6.53189753e-03 -2.72803548e-03  3.12555337e-03  1.88287555e-03  6.08075589e-04  1.88896989e-03  2.91740459e-03 -2.09318693e-03 -7.05082609e-03  3.24273320e-04 -2.80511098e-03 -2.87523880e-03 -2.63496472e-03  7.97766924e-05 -4.43028824e-03 -1.75509301e-03 -2.25757723e-03
 1.62444890e+01 -2.70340291e-03  4.81345260e-04 -6.50722357e-03 -2.73751435e-03  3.13870149e-03  1.92567251e-03  5.60103615e-04  1.88642274e-03  2.86236562e-03 -2.08195443e-03 -7.09129381e-03  3.20065422e-04 -2.76423101e-03 -2.91188281e-03 -2.66808938e-03  3.00188546e-05 -4.59249695e-03 -1.78950758e-03 -2.35381616e-03
 1.62965930e+01 -2.46521978e-03  4.04366910e-04 -6.48268073e-03 -2.75131110e-03  3.15390829e-03  1.96716748e-03  5.15202121e-04  1.88235687e-03  2.81407906e-03 -2.07063379e-03 -7.12975383e-03  3.17626951e-04 -2.72698944e-03 -2.94762479e-03 -2.70382572e-03 -1.56293166e-05 -4.74472193e-03 -1.82424281e-03 -2.44635411e-03
 1.63486970e+01 -2.22789204e-03  3.33230618e-04 -6.45849003e-03 -2.76958577e-03  3.17127736e-03  2.00735651e-03  4.73864599e-04  1.87680196e-03  2.77314066e-03 -2.05944606e-03 -7.16628423e-03  3.17147081e-04 -2.69353069e-03 -2.98208170e-03 -2.74227458e-03 -5.68372359e-05 -4.88593667e-03 -1.85920201e-03 -2.53455661e-03
 1.64008020e+01 -1.99170545e-03  2.68487106e-04 -6.43492339e-03 -2.79246887e-03  3.19087674e-03  2.04624765e-03  4.36549207e-04  1.86980212e-03  2.74010386e-03 -2.04862786e-03 -7.20098861e-03  3.18812625e-04 -2.66397655e-03 -3.01487893e-03 -2.78352013e-03 -9.33090639e-05 -5.01518424e-03 -1.89429226e-03 -2.61781918e-03
 1.64529060e+01 -1.75699522e-03  2.10629110e-04 -6.41230513e-03 -2.82005746e-03  3.21273510e-03  2.08385678e-03  4.03675999e-04  1.86141704e-03  2.71547628e-03 -2.03843099e-03 -7.23399286e-03  3.22806114e-04 -2.63842866e-03 -3.04565165e-03 -2.82762553e-03 -1.24783421e-04 -5.13157471e-03 -1.92942220e-03 -2.69556641e-03
 1.65050100e+01 -1.52411663e-03  1.60078669e-04 -6.39100850e-03 -2.85241579e-03  3.23684215e-03  2.12021072e-03  3.75617302e-04  1.85172180e-03  2.69971018e-03 -2.02911981e-03 -7.26544820e-03  3.29304227e-04 -2.61696545e-03 -3.07405246e-03 -2.87463646e-03 -1.51039785e-04 -5.23430693e-03 -1.96450640e-03 -2.76726669e-03
 1.65571140e+01 -1.29346064e-03  1.17187452e-04 -6.37145620e-03 -2.88957179e-03  3.26314573e-03  2.15534276e-03  3.52695660e-04  1.84080775e-03  2.69319947e-03 -2.02097052e-03 -7.29552745e-03  3.38475943e-04 -2.59964493e-03 -3.09975274e-03 -2.92457687e-03 -1.71897546e-04 -5.32266498e-03 -1.99946292e-03 -2.83243080e-03
 1.66092180e+01 -1.06544629e-03  8.22311471e-05 -6.35411794e-03 -2.93151569e-03  3.29155108e-03  2.18929188e-03  3.35178403e-04  1.82878263e-03  2.69627343e-03 -2.01426931e-03 -7.32442446e-03  3.50480800e-04 -2.58650471e-03 -3.12244723e-03 -2.97744857e-03 -1.87218458e-04 -5.39602709e-03 -2.03421428e-03 -2.89061853e-03
 1.66613230e+01 -8.40513001e-04  5.54052141e-05 -6.33950774e-03 -2.97819934e-03  3.32192090e-03  2.22210175e-03  3.23273192e-04  1.81577042e-03  2.70919162e-03 -2.00931048e-03 -7.35235309e-03  3.65467484e-04 -2.57756253e-03 -3.14185841e-03 -3.03323115e-03 -1.96908215e-04 -5.45387267e-03 -2.06868818e-03 -2.94144435e-03
 1.67134270e+01 -6.19133775e-04  3.68234671e-05 -6.32818166e-03 -3.02953101e-03  3.35407282e-03  2.25381657e-03  3.17124965e-04  1.80191227e-03  2.73213736e-03 -2.00639480e-03 -7.37954342e-03  3.83570932e-04 -2.57281760e-03 -3.15773908e-03 -3.09187646e-03 -2.00917020e-04 -5.49578391e-03 -2.10281502e-03 -2.98457832e-03
 1.67655310e+01 -4.01784941e-04  2.65121744e-05 -6.32073218e-03 -3.08537937e-03  3.38778336e-03  2.28448308e-03  3.16811168e-04  1.78736470e-03  2.76521402e-03 -2.00582696e-03 -7.40624306e-03  4.04912413e-04 -2.57225036e-03 -3.16987865e-03 -3.15331387e-03 -1.99241626e-04 -5.52145797e-03 -2.13653177e-03 -3.01975649e-03
 1.68176350e+01 -1.88958605e-04  2.44099780e-05 -6.31778451e-03 -3.14556866e-03  3.42278658e-03  2.31414629e-03  3.22339893e-04  1.77230011e-03  2.80843925e-03 -2.00791373e-03 -7.43271281e-03  4.29596864e-04 -2.57582409e-03 -3.17810572e-03 -3.21744487e-03 -1.91925167e-04 -5.53070733e-03 -2.16977926e-03 -3.04678113e-03
 1.68697390e+01  1.88470281e-05  3.03655153e-05 -6.31999062e-03 -3.20987831e-03  3.45877620e-03  2.34284833e-03  3.33647243e-04  1.75690589e-03  2.86174016e-03 -2.01296159e-03 -7.45922492e-03  4.57711638e-04 -2.58348552e-03 -3.18229252e-03 -3.28414296e-03 -1.79057796e-04 -5.52346595e-03 -2.20250261e-03 -3.06552596e-03
 1.69218440e+01  2.21137295e-04  4.41364869e-05 -6.32802277e-03 -3.27804318e-03  3.49540848e-03  2.37062718e-03  3.50595943e-04  1.74138324e-03  2.92495004e-03 -2.02127455e-03 -7.48606101e-03  4.89325733e-04 -2.59516597e-03 -3.18235903e-03 -3.35325383e-03 -1.60776438e-04 -5.49979321e-03 -2.23465155e-03 -3.07594030e-03
 1.69739480e+01  4.17411937e-04  6.53876943e-05 -6.34256513e-03 -3.34974719e-03  3.53230219e-03  2.39751279e-03  3.72972758e-04  1.72594729e-03  2.99779874e-03 -2.03315092e-03 -7.51350723e-03  5.24485979e-04 -2.61078113e-03 -3.17827707e-03 -3.42458886e-03 -1.37266173e-04 -5.45988023e-03 -2.26617752e-03 -3.07805216e-03
 1.70260520e+01  6.07195179e-04  9.36923979e-05 -6.36430582e-03 -3.42463019e-03  3.56904635e-03  2.42352845e-03  4.00489930e-04  1.71082406e-03  3.07991570e-03 -2.04888170e-03 -7.54185436e-03  5.63219461e-04 -2.63023320e-03 -3.17007442e-03 -3.49793193e-03 -1.08757737e-04 -5.40405105e-03 -2.29703682e-03 -3.07197310e-03
 1.70781560e+01  7.90027347e-04  1.28531683e-04 -6.39392646e-03 -3.50228187e-03  3.60520165e-03  2.44868694e-03  4.32784128e-04  1.69625021e-03  3.17082122e-03 -2.06874733e-03 -7.57139254e-03  6.05530077e-04 -2.65341080e-03 -3.15783872e-03 -3.57303308e-03 -7.55281744e-05 -5.33276769e-03 -2.32718746e-03 -3.05790067e-03
 1.71302610e+01  9.65479853e-04  1.69296279e-04 -6.43209176e-03 -3.58224372e-03  3.64030677e-03  2.47298978e-03  4.69418308e-04  1.68247090e-03  3.26992575e-03 -2.09301560e-03 -7.60240892e-03  6.51399061e-04 -2.68019032e-03 -3.14172113e-03 -3.64961008e-03 -3.78988480e-05 -5.24663126e-03 -2.35658949e-03 -3.03612144e-03
 1.71823650e+01  1.13315012e-03  2.15284620e-04 -6.47943376e-03 -3.66400203e-03  3.67388146e-03  2.49642368e-03  5.09880395e-04  1.66973902e-03  3.37651861e-03 -2.12193686e-03 -7.63518169e-03  7.00780572e-04 -2.71043429e-03 -3.12194151e-03 -3.72734150e-03  3.76278191e-06 -5.14639172e-03 -2.38520177e-03 -3.00701585e-03
 1.72344690e+01  1.29269059e-03  2.65709387e-04 -6.53654195e-03 -3.74699624e-03  3.70543728e-03  2.51896173e-03  5.53589847e-04  1.65831177e-03  3.48977618e-03 -2.15574394e-03 -7.66997969e-03  7.53606308e-04 -2.74399494e-03 -3.09879028e-03 -3.80587438e-03  4.90489738e-05 -5.03294042e-03 -2.41298422e-03 -2.97105848e-03
 1.72865730e+01  1.44380437e-03  3.19696819e-04 -6.60394478e-03 -3.83061211e-03  3.73448234e-03  2.54055992e-03  5.99898029e-04  1.64844966e-03  3.60875161e-03 -2.19464745e-03 -7.70705603e-03  8.09781539e-04 -2.78071244e-03 -3.07263325e-03 -3.88481729e-03  9.75106450e-05 -4.90731855e-03 -2.43989417e-03 -2.92882222e-03
 1.73386770e+01  1.58625853e-03  3.76290297e-04 -6.68209272e-03 -3.91418235e-03  3.76053044e-03  2.56115609e-03  6.48092802e-04  1.64041420e-03  3.73237418e-03 -2.23883318e-03 -7.74664441e-03  8.69185606e-04 -2.82041554e-03 -3.04391473e-03 -3.96374069e-03  1.48660090e-04 -4.77071735e-03 -2.46588541e-03 -2.88098030e-03
 1.73907820e+01  1.71989701e-03  4.34454860e-04 -6.77134076e-03 -3.99698740e-03  3.78311095e-03  2.58066889e-03  6.97404231e-04  1.63446560e-03  3.85944967e-03 -2.28846009e-03 -7.78895544e-03  9.31672975e-04 -2.86292229e-03 -3.01316021e-03 -4.04217738e-03  2.01974352e-04 -4.62447653e-03 -2.49090688e-03 -2.82830746e-03
 1.74428860e+01  1.84464144e-03  4.93076608e-04 -6.87191991e-03 -4.07824815e-03  3.80177764e-03  2.59899493e-03  7.47006386e-04  1.63086107e-03  3.98864901e-03 -2.34365331e-03 -7.83416866e-03  9.97068383e-04 -2.90803653e-03 -2.98098173e-03 -4.11961541e-03  2.56893713e-04 -4.47009662e-03 -2.51489878e-03 -2.77168597e-03
 1.74949900e+01  1.96051824e-03  5.50973885e-04 -6.98392401e-03 -4.15713456e-03  3.81612293e-03  2.61600982e-03  7.96029538e-04  1.62985188e-03  4.11852191e-03 -2.40450674e-03 -7.88243254e-03  1.06517424e-03 -2.95555226e-03 -2.94807701e-03 -4.19550604e-03  3.12830790e-04 -4.30922252e-03 -2.53779322e-03 -2.71210133e-03
 1.75470940e+01  2.06766032e-03  6.06897806e-04 -7.10727737e-03 -4.23275815e-03  3.82578888e-03  2.63156551e-03  8.43563781e-04  1.63168180e-03  4.24748671e-03 -2.47107620e-03 -7.93385623e-03  1.13576623e-03 -3.00524974e-03 -2.91523421e-03 -4.26925668e-03  3.69169733e-04 -4.14365459e-03 -2.55950974e-03 -2.65064769e-03
 1.75991980e+01  2.16632272e-03  6.59538906e-04 -7.24170813e-03 -4.30417247e-03  3.83048174e-03  2.64548973e-03  8.88668293e-04  1.63658487e-03  4.37383298e-03 -2.54337717e-03 -7.98850505e-03  1.20859513e-03 -3.05689524e-03 -2.88333329e-03 -4.34023140e-03  4.25270825e-04 -3.97534555e-03 -2.57995298e-03 -2.58852813e-03
 1.76513030e+01  2.25689788e-03  7.07534118e-04 -7.38672042e-03 -4.37037287e-03  3.82998734e-03  2.65758539e-03  9.30381386e-04  1.64478367e-03  4.49572473e-03 -2.62138315e-03 -8.04639625e-03  1.28338893e-03 -3.11024081e-03 -2.85334708e-03 -4.40775108e-03  4.80475467e-04 -3.80639629e-03 -2.59900993e-03 -2.52705450e-03
 1.77034070e+01  2.33992324e-03  7.49469862e-04 -7.54154944e-03 -4.43028996e-03  3.82418800e-03  2.66762907e-03  9.67727619e-04  1.65648692e-03  4.61119290e-03 -2.70501637e-03 -8.10748884e-03  1.35984807e-03 -3.16501851e-03 -2.82634460e-03 -4.47108735e-03  5.34106273e-04 -3.63906746e-03 -2.61654502e-03 -2.46765284e-03
 1.77555110e+01  2.41610691e-03  7.83894905e-04 -7.70514174e-03 -4.48279551e-03  3.81308086e-03  2.67537205e-03  9.99733893e-04  1.67188882e-03  4.71815200e-03 -2.79415354e-03 -8.17168456e-03  1.43765521e-03 -3.22094458e-03 -2.80348815e-03 -4.52946936e-03  5.85478128e-04 -3.47575808e-03 -2.63239851e-03 -2.41185676e-03
 1.78076150e+01  2.48633664e-03  8.09324463e-04 -7.87610466e-03 -4.52669509e-03  3.79679774e-03  2.68053916e-03  1.02543845e-03  1.69116720e-03  4.81439416e-03 -2.88861677e-03 -8.23881749e-03  1.51647085e-03 -3.27771298e-03 -2.78603559e-03 -4.58207755e-03  6.33899021e-04 -3.31901607e-03 -2.64638075e-03 -2.36131237e-03
 1.78597190e+01  2.55169869e-03  8.24249727e-04 -8.05266606e-03 -4.56072699e-03  3.77562683e-03  2.68282927e-03  1.04390505e-03  1.71448270e-03  4.89759617e-03 -2.98817175e-03 -8.30864908e-03  1.59593625e-03 -3.33499362e-03 -2.77533906e-03 -4.62804398e-03  6.78676631e-04 -3.17153205e-03 -2.65826802e-03 -2.31777700e-03
 1.79118240e+01  2.61349704e-03  8.27147007e-04 -8.23263127e-03 -4.58355978e-03  3.75003559e-03  2.68191566e-03  1.05423751e-03  1.74197868e-03  4.96532624e-03 -3.09252659e-03 -8.38086332e-03  1.67567669e-03 -3.39243014e-03 -2.77284352e-03 -4.66645207e-03  7.19125022e-04 -3.03613339e-03 -2.66779762e-03 -2.28311824e-03
 1.79639280e+01  2.67326792e-03  8.16487659e-04 -8.41331899e-03 -4.59378752e-03  3.72069817e-03  2.67744710e-03  1.05559457e-03  1.77377881e-03  5.01504609e-03 -3.20132045e-03 -8.45505474e-03  1.75529723e-03 -3.44963170e-03 -2.78008460e-03 -4.69633286e-03  7.54568062e-04 -2.91579024e-03 -2.67466166e-03 -2.25931575e-03
 1.80160320e+01  2.73280714e-03  7.90749103e-04 -8.59152772e-03 -4.58992872e-03  3.68851988e-03  2.66904908e-03  1.04720780e-03  1.80999046e-03  5.04412701e-03 -3.31413235e-03 -8.53073021e-03  1.83439389e-03 -3.50617531e-03 -2.79868512e-03 -4.71666857e-03  7.84351031e-04 -2.81359526e-03 -2.67850224e-03 -2.24845619e-03
 1.80681360e+01  2.79418705e-03  7.48425756e-04 -8.76346349e-03 -4.57042007e-03  3.65466856e-03  2.65632562e-03  1.02839845e-03  1.85070339e-03  5.04985404e-03 -3.43046993e-03 -8.60729677e-03  1.91254977e-03 -3.56159638e-03 -2.83035144e-03 -4.72638857e-03  8.07844880e-04 -2.73276900e-03 -2.67890418e-03 -2.25273477e-03
 1.81202400e+01  2.85978069e-03  6.88041425e-04 -8.92468018e-03 -4.53361216e-03  3.62060606e-03  2.63886176e-03  9.98596750e-04  1.89599155e-03  5.02943861e-03 -3.54976822e-03 -8.68405618e-03  1.98933882e-03 -3.61538424e-03 -2.87686823e-03 -4.72436937e-03  8.24455064e-04 -2.67665134e-03 -2.67538819e-03 -2.27445281e-03
 1.81723450e+01  2.93228783e-03  6.08160656e-04 -9.07001425e-03 -4.47776259e-03  3.58812192e-03  2.61622608e-03  9.57361295e-04  1.94591594e-03  4.98003014e-03 -3.67138866e-03 -8.76019942e-03  2.06432977e-03 -3.66697678e-03 -2.94009369e-03 -4.70943341e-03  8.33630240e-04 -2.64869477e-03 -2.66740318e-03 -2.31601672e-03
 1.82244490e+01  3.01475549e-03  5.07409210e-04 -9.19350088e-03 -4.40103435e-03  3.55937271e-03  2.58797631e-03  9.04403938e-04  2.00052330e-03  4.89873498e-03 -3.79460648e-03 -8.83479379e-03  2.13708295e-03 -3.71574937e-03 -3.02194708e-03 -4.68034962e-03  8.34870916e-04 -2.65245893e-03 -2.65431876e-03 -2.37993207e-03
 1.82765530e+01  3.11061412e-03  3.84479844e-04 -9.28831250e-03 -4.30148229e-03  3.53691785e-03  2.55366139e-03  8.39607914e-04  2.05985511e-03  4.78262728e-03 -3.91862137e-03 -8.90678444e-03  2.20716149e-03 -3.76101294e-03 -3.12440725e-03 -4.63583106e-03  8.27740376e-04 -2.69159952e-03 -2.63541567e-03 -2.46880553e-03
 1.83286570e+01  3.22370220e-03  2.38153986e-04 -9.34666301e-03 -4.17704896e-03  3.52376479e-03  2.51282850e-03  7.63054979e-04  2.12394789e-03  4.62877061e-03 -4.04254489e-03 -8.97498118e-03  2.27412832e-03 -3.80200105e-03 -3.24949828e-03 -4.57453507e-03  8.11874356e-04 -2.76986272e-03 -2.60987694e-03 -2.58533901e-03
 1.83807620e+01  3.35830230e-03  6.73139206e-05 -9.35972032e-03 -4.02555146e-03  3.52341409e-03  2.46502825e-03  6.75048532e-04  2.19284040e-03  4.43423373e-03 -4.16540176e-03 -9.03805359e-03  2.33755148e-03 -3.83786175e-03 -3.39928226e-03 -4.49506080e-03  7.86991975e-04 -2.89107811e-03 -2.57677710e-03 -2.73232980e-03
 1.84328660e+01  3.51916479e-03 -1.29025435e-04 -9.31750934e-03 -3.84468350e-03  3.53990827e-03  2.40982600e-03  5.76147659e-04  2.26657402e-03  4.19612914e-03 -4.28611703e-03 -9.09451862e-03  2.39700216e-03 -3.86764404e-03 -3.57583437e-03 -4.39595505e-03  7.52909807e-04 -3.05913882e-03 -2.53507430e-03 -2.91265483e-03
 1.84849700e+01  3.71155994e-03 -3.51716730e-04 -9.20881020e-03 -3.63198673e-03  3.57788405e-03  2.34680520e-03  4.67185548e-04  2.34520741e-03  3.91161593e-03 -4.40352681e-03 -9.14274009e-03  2.45206471e-03 -3.89029006e-03 -3.78124565e-03 -4.27570275e-03  7.09551795e-04 -3.27800506e-03 -2.48359520e-03 -3.12928310e-03
 1.85370740e+01  3.94130768e-03 -6.01446792e-04 -9.02104522e-03 -3.38484920e-03  3.64262901e-03  2.27558098e-03  3.49306182e-04  2.42881906e-03  3.57794155e-03 -4.51636536e-03 -9.18091583e-03  2.50233454e-03 -3.90461900e-03 -4.01759573e-03 -4.13273217e-03  6.56964570e-04 -3.55168467e-03 -2.42102547e-03 -3.38526023e-03
 1.85891780e+01  4.21482254e-03 -8.78717472e-04 -8.74016085e-03 -3.10048884e-03  3.74014161e-03  2.19581089e-03  2.23994542e-04  2.51751745e-03  3.19246888e-03 -4.62326380e-03 -9.20707082e-03  2.54742209e-03 -3.90931342e-03 -4.28693755e-03 -3.96541337e-03  5.95331496e-04 -3.88422329e-03 -2.34589663e-03 -3.68370573e-03
 1.86412830e+01  4.53916613e-03 -1.18382804e-03 -8.35049202e-03 -2.77593146e-03  3.87719875e-03  2.10720619e-03  9.31075643e-05  2.61145281e-03  2.75270036e-03 -4.72274839e-03 -9.21904902e-03  2.58695615e-03 -3.90290316e-03 -4.59128357e-03 -3.77205396e-03  5.24986573e-04 -4.27970014e-03 -2.25657091e-03 -4.02781432e-03
 1.86933870e+01  4.92207066e-03 -1.51682586e-03 -7.83465825e-03 -2.40801947e-03  4.06141354e-03  2.00955367e-03 -4.10803694e-05  2.71082109e-03  2.25634890e-03 -4.81322922e-03 -9.21450432e-03  2.62058362e-03 -3.88374877e-03 -4.93255995e-03 -3.55091442e-03  4.46436251e-04 -4.74218339e-03 -2.15123443e-03 -4.42082239e-03
 1.87454910e+01  5.37202923e-03 -1.87751437e-03 -7.17337398e-03 -1.99335601e-03  4.30132474e-03  1.90272203e-03 -1.75855347e-04  2.81588727e-03  1.70132652e-03 -4.89300791e-03 -9.19089345e-03  2.64797648e-03 -3.85002202e-03 -5.31261755e-03 -3.30018596e-03  3.60368532e-04 -5.27576167e-03 -2.02787244e-03 -4.86604078e-03
 1.87975950e+01  5.89832950e-03 -2.26540111e-03 -6.34532080e-03 -1.52830864e-03  4.60646626e-03  1.78668716e-03 -3.08014699e-04  2.92699220e-03  1.08581947e-03 -4.96026579e-03 -9.14546598e-03  2.66883114e-03 -3.79968571e-03 -5.73318312e-03 -3.01800512e-03  2.67676424e-04 -5.88450046e-03 -1.88426057e-03 -5.36682202e-03
 1.88496990e+01  6.51112143e-03 -2.67967226e-03 -5.32697506e-03 -1.00898120e-03  4.98745403e-03  1.66155123e-03 -4.33828080e-04  3.04456972e-03  4.08326251e-04 -5.01306183e-03 -9.07525585e-03  2.68287145e-03 -3.73047153e-03 -6.19583640e-03 -2.70245080e-03  1.69475918e-04 -6.57243370e-03 -1.71794742e-03 -5.92655860e-03
