# R_Bohr c0_mEh c1_mEh c2_mEh c3_mEh c4_mEh c5_mEh c6_mEh c7_mEh c8_mEh c9_mEh c10_mEh c11_mEh c12_mEh c13_mEh c14_mEh c15_mEh c16_mEh c17_mEh c18_mEh
 4.72945900e+00  5.99030064e+01  4.67253340e+00  1.04990663e+02  1.41462115e+01  5.20918848e+01  1.41820800e+01  1.95697504e+01  8.56397080e+00  8.59157693e+00  4.62352216e+00  4.24846040e+00  1.96649467e+00  2.14366321e+00  8.60318567e-01  9.06053861e-01  5.12122604e-01  3.20352666e-01  4.84140492e-01 -1.08827108e-01
 4.78156300e+00  5.48275173e+01  3.28756602e+00  9.66264416e+01  1.20987742e+01  4.75470413e+01  1.24821368e+01  1.75200578e+01  7.44220235e+00  7.51627581e+00  3.91810041e+00  3.59108982e+00  1.61568981e+00  1.74540683e+00  7.21959032e-01  7.52847618e-01  3.90715846e-01  1.89573641e-01  4.68312524e-01 -1.73639314e-01
 4.83366700e+00  5.00605542e+01  2.06477434e+00  8.87471637e+01  1.02457335e+01  4.33089884e+01  1.09361325e+01  1.56416633e+01  6.43058224e+00  6.53999564e+00  3.29890303e+00  3.00962677e+00  1.31551869e+00  1.40228686e+00  5.97519994e-01  6.19068651e-01  2.93125295e-01  8.84260114e-02  4.55050512e-01 -2.15050031e-01
 4.88577200e+00  4.56262997e+01  1.01124804e+00  8.13910646e+01  8.59880644e+00  3.93980298e+01  9.55324423e+00  1.39428123e+01  5.53494323e+00  5.66876827e+00  2.76757870e+00  2.50620662e+00  1.06550691e+00  1.11527835e+00  4.88301028e-01  5.05104301e-01  2.17149635e-01  1.56212378e-02  4.44103083e-01 -2.33923831e-01
 4.93787600e+00  4.15323878e+01  1.23626476e-01  7.45709972e+01  7.15741660e+00  3.58176562e+01  8.33287427e+00  1.24223836e+01  4.75438617e+00  4.90286988e+00  2.32054086e+00  2.07854046e+00  8.62593104e-01  8.81654910e-01  3.94595013e-01  4.10449640e-01  1.59747598e-01 -3.21116339e-02  4.34830324e-01 -2.33203202e-01
 4.98998000e+00  3.77718325e+01 -6.09828461e-01  6.82773710e+01  5.91062372e+00  3.25569504e+01  7.26627013e+00  1.10713555e+01  4.08232188e+00  4.23757228e+00  1.95007374e+00  1.72078948e+00  7.01727909e-01  6.95810767e-01  3.15827900e-01  3.33844692e-01  1.17476051e-01 -5.93603917e-02  4.26317656e-01 -2.17273622e-01
 5.04208400e+00  3.43274703e+01 -1.20603438e+00  6.24850227e+01  4.84060276e+00  2.95953236e+01  6.33935078e+00  9.87545016e+00  3.50834363e+00  3.66461903e+00  1.64597098e+00  1.42490995e+00  5.76674010e-01  5.50465190e-01  2.50823074e-01  2.73469444e-01  8.68935884e-02 -7.12284249e-02  4.17528333e-01 -1.91166180e-01
 5.09418800e+00  3.11763374e+01 -1.68398497e+00  5.71598785e+01  3.92615960e+00  2.69070915e+01  5.53550868e+00  8.81775294e+00  3.02013817e+00  3.17376274e+00  1.39713540e+00  1.18195118e+00  4.80775867e-01  4.37838310e-01  1.98074268e-01  2.27144613e-01  6.48615543e-02 -7.26139842e-02  4.07465725e-01 -1.59794746e-01
 5.14629300e+00  2.82934532e+01 -2.06227151e+00  5.22646594e+01  3.14568739e+00  2.44653052e+01  4.83792780e+00  7.88094875e+00  2.60512451e+00  2.75413322e+00  1.19288976e+00  9.83102918e-01  4.07609761e-01  3.50593112e-01  1.55975644e-01  1.92532396e-01  4.87356120e-02 -6.76916654e-02  3.95317247e-01 -1.27365918e-01
 5.19839700e+00  2.56547245e+01 -2.35749592e+00  4.77632646e+01  2.47923203e+00  2.22445506e+01  4.23117568e+00  7.04895716e+00  2.25163240e+00  2.39528130e+00  1.02385628e+00  8.20390301e-01  3.51450928e-01  2.82436624e-01  1.22980066e-01  1.67318714e-01  3.64529318e-02 -5.96471510e-02  3.80556424e-01 -9.70347431e-02
 5.25050100e+00  2.32380899e+01 -2.58364331e+00  4.36223809e+01  1.90942952e+00  2.02220151e+01  3.70187519e+00  6.30766542e+00  1.94947653e+00  2.08774023e+00  8.82341451e-01  6.86975879e-01  3.07524064e-01  2.28362223e-01  9.76732784e-02  1.49351206e-01  2.65288715e-02 -5.06405529e-02  3.62985968e-01 -7.07960867e-02
 5.30260500e+00  2.10242407e+01 -2.75204399e+00  3.98125783e+01  1.42182131e+00  1.83780414e+01  3.23890280e+00  5.64524703e+00  1.69017937e+00  1.82332300e+00  7.62393972e-01  5.77231399e-01  2.72089624e-01  1.84643716e-01  7.87984445e-02  1.36736994e-01  1.79940882e-02 -4.19346562e-02  3.42726961e-01 -4.95754738e-02
 5.35470900e+00  1.89964280e+01 -2.87175578e+00  3.63080073e+01  1.00460652e+00  1.66958336e+01  2.83314872e+00  5.05199268e+00  1.46686603e+00  1.59513552e+00  6.59605020e-01  4.86627555e-01  2.42390184e-01  1.48657910e-01  6.52433351e-02  1.27889787e-01  1.02938159e-02 -3.41085784e-02  3.20162943e-01 -3.34391351e-02
 5.40681400e+00  1.71399900e+01 -2.95007825e+00  3.30857172e+01  6.48180402e-01  1.51609190e+01  2.47712963e+00  4.51995114e+00  1.27401795e+00  1.39745744e+00  5.70798417e-01  4.11556083e-01  2.16516552e-01  1.18639002e-01  5.60168217e-02  1.21538062e-01  3.17510072e-03 -2.72895550e-02  2.95858226e-01 -2.18565679e-02
 5.45891800e+00  1.54419895e+01 -2.99303761e+00  3.01252046e+01  3.44666369e-01  1.37607190e+01  2.16462518e+00  4.04256880e+00  1.10720289e+00  1.22558495e+00  4.93710046e-01  3.49149381e-01  1.93239763e-01  9.34330248e-02  5.02286467e-02  1.16705725e-01 -3.41912629e-03 -2.13576844e-02  2.70472023e-01 -1.39601744e-02
 5.51102200e+00  1.38905681e+01 -3.00578226e+00  2.74074664e+01  8.74438325e-02  1.24839190e+01  1.89031499e+00  3.61426731e+00  9.62791077e-01  1.07563191e+00  4.26688990e-01  2.97108971e-01  1.71834971e-01  7.22822065e-02  4.70761100e-02  1.12675526e-01 -9.43954262e-03 -1.60989166e-02  2.44676347e-01 -8.76270760e-03
 5.56312600e+00  1.24747791e+01 -2.99283960e+00  2.49148529e+01 -1.29154180e-01  1.13202641e+01  1.64957535e+00  3.23020341e+00  8.37759891e-01  9.44390019e-01  3.68479792e-01  2.53582196e-01  1.51927840e-01  5.46656489e-02  4.58414031e-02  1.08947412e-01 -1.47957395e-02 -1.13044615e-02  2.19096207e-01 -5.31973411e-03
 5.61523000e+00  1.11843579e+01 -2.95827409e+00  2.26307685e+01 -3.10080022e-01  1.02603219e+01  1.43832268e+00  2.88606067e+00  7.29535723e-01  8.29197625e-01  3.18063071e-01  2.17063642e-01  1.33366128e-01  4.01873645e-02  4.58939514e-02  1.05196497e-01 -1.93995945e-02 -6.82174058e-03  1.94268469e-01 -2.83128852e-03
 5.66733500e+00  1.00095980e+01 -2.90576480e+00  2.05395179e+01 -4.59726016e-01  9.29534610e+00  1.25292156e+00  2.57791880e+00  6.35887338e-01  7.27837460e-01  2.74555277e-01  1.86323453e-01  1.16121814e-01  2.85071167e-02  4.66952641e-02  1.01234859e-01 -2.31894152e-02 -2.56999386e-03  1.70620571e-01 -6.91380082e-04
 5.71943900e+00  8.94139719e+00 -2.83864150e+00  1.86264176e+01 -5.82009587e-01  8.41728294e+00  1.09014729e+00  2.30220427e+00  5.54864980e-01  6.38464727e-01  2.37156469e-01  1.60357016e-01  1.00223136e-01  1.93040634e-02  4.78027601e-02  9.69787222e-02 -2.61394931e-02  1.46606812e-03  1.48467594e-01  1.50273288e-03
 5.77154300e+00  7.97111156e+00 -2.75988745e+00  1.68775430e+01 -6.80451003e-01  7.61862327e+00  9.47132515e-01  2.05561703e+00  4.84747019e-01  5.59531570e-01  2.05119784e-01  1.38341471e-01  8.57072302e-02  1.22597948e-02  4.88707633e-02  9.24198678e-02 -2.82610418e-02  5.25467937e-03  1.28016197e-01  3.96906867e-03
 5.82364700e+00  7.09064892e+00 -2.67214576e+00  1.52798860e+01 -7.58201783e-01  6.89245094e+00  8.21356751e-01  1.83513593e+00  4.24020088e-01  4.89742259e-01  1.77747376e-01  1.19606458e-01  7.25948357e-02  7.05685933e-03  4.96474141e-02  8.76022795e-02 -2.95971537e-02  8.73776286e-03  1.09379991e-01  6.77465801e-03
 5.87575200e+00  6.29243243e+00 -2.57772211e+00  1.38212753e+01 -8.18078873e-01  6.23238548e+00  7.10615743e-01  1.63799882e+00  3.71357175e-01  4.28005467e-01  1.54390812e-01  1.03607059e-01  6.08768538e-02  3.38306324e-03  4.99677706e-02  8.26022815e-02 -3.02158700e-02  1.18502051e-02  9.25954342e-02  9.87573077e-03
 5.92785600e+00  5.56945679e+00 -2.47860425e+00  1.24904650e+01 -8.62585773e-01  5.63260342e+00  6.13002687e-01  1.46170943e+00  3.25606150e-01  3.73400923e-01  1.34457872e-01  8.99028359e-02  5.05117984e-02  9.39166087e-04  4.97436709e-02  7.75128281e-02 -3.02027041e-02  1.45342411e-02  7.76402171e-02  1.31570326e-02
 5.97996000e+00  4.91518637e+00 -2.37647049e+00  1.12769368e+01 -8.93943010e-01  5.08773151e+00  5.26866264e-01  1.30400567e+00  2.85769472e-01  3.25140136e-01  1.17414843e-01  7.81369612e-02  4.14270196e-02 -5.53857051e-04  4.89514324e-02  7.24301890e-02 -2.96538275e-02  1.67491442e-02  6.44472318e-02  1.64670297e-02
 6.03206400e+00  4.32360139e+00 -2.27272229e+00  1.01709776e+01 -9.14106437e-01  4.59286606e+00  4.50788926e-01  1.16286354e+00  2.50993969e-01  2.82544283e-01  1.02791449e-01  6.80211195e-02  3.35255657e-02 -1.34804372e-03  4.76183405e-02  6.74447900e-02 -2.86700929e-02  1.84753951e-02  5.29196706e-02  1.96456608e-02
 6.08416800e+00  3.78916038e+00 -2.16851175e+00  9.16360984e+00 -9.24791541e-01  4.14352667e+00  3.83554407e-01  1.03647879e+00  2.20554921e-01  2.45020797e-01  9.01809319e-02  5.93212014e-02  2.66933528e-02 -1.66392775e-03  4.58090619e-02  6.26345659e-02 -2.73521747e-02  1.97152164e-02  4.29420000e-02  2.25448948e-02
 6.13627300e+00  3.30676641e+00 -2.06477063e+00  8.24653181e+00 -9.27496134e-01  3.73561662e+00  3.24117933e-01  9.23248303e-01  1.93840465e-01  2.12045037e-01  7.92379619e-02  5.18454190e-02  2.08066527e-02 -1.68796433e-03  4.36127234e-02  5.80610202e-02 -2.57966252e-02  2.04902851e-02  3.43886885e-02  2.50421742e-02
 6.18837700e+00  2.87177599e+00 -1.96224931e+00  7.41214411e+00 -9.23522404e-01  3.36542260e+00  2.71584345e-01  8.21760531e-01  1.70338584e-01  1.83148935e-01  6.96755092e-02  4.54351663e-02  1.57394951e-02 -1.57185649e-03  4.11315663e-02  5.37680243e-02 -2.40929398e-02  2.08377421e-02  2.71315077e-02  2.70474949e-02
 6.24048100e+00  2.47991544e+00 -1.86153413e+00  6.65340218e+00 -9.13998389e-01  3.02953886e+00  2.25177965e-01  7.30763889e-01  1.49619610e-01  1.57906833e-01  6.12581816e-02  3.99563588e-02  1.13688836e-02 -1.43349162e-03  3.84709366e-02  4.97815843e-02 -2.23210726e-02  2.08056461e-02  2.10433330e-02  2.85060560e-02
 6.29258500e+00  2.12729031e+00 -1.76308230e+00  5.96384755e+00 -8.99897663e-01  2.72487209e+00  1.84227142e-01  6.49157162e-01  1.31324879e-01  1.35930550e-01  5.37967797e-02  3.52939162e-02  7.57987080e-03 -1.35914863e-03  3.57316725e-02  4.61118376e-02 -2.05499369e-02  2.04482897e-02  1.60020578e-02  2.93967848e-02
 6.34468900e+00  1.81034739e+00 -1.66724366e+00  5.33754987e+00 -8.82058089e-01  2.44860776e+00  1.48145988e-01  5.75969408e-01  1.15153988e-01  1.16863445e-01  4.71413831e-02  3.13469788e-02  4.26873584e-03 -1.40663486e-03  3.30043056e-02  4.27554618e-02 -1.88363964e-02  1.98220954e-02  1.18924236e-02  2.97286620e-02
 6.39679400e+00  1.52584204e+00 -1.57427941e+00  4.76905842e+00 -8.61198502e-01  2.19818179e+00  1.16419647e-01  5.10342129e-01  1.00853809e-01  1.00376611e-01  4.11746013e-02  2.80254783e-02  1.34500240e-03 -1.60902322e-03  3.03651698e-02  3.96985467e-02 -1.72248482e-02  1.89822355e-02  8.60703874e-03  2.95355366e-02
 6.44889800e+00  1.27083297e+00 -1.48438631e+00  4.25340792e+00 -8.37935881e-01  1.97127703e+00  8.85950159e-02  4.51518960e-01  8.82103426e-02  8.61678385e-02  3.58057485e-02  2.52480441e-02 -1.26735439e-03 -1.97867628e-03  2.78744819e-02  3.69198250e-02 -1.57475016e-02  1.79802033e-02  6.04700705e-03  2.88703311e-02
 6.50100200e+00  1.04262444e+00 -1.39770007e+00  3.78601798e+00 -8.12796848e-01  1.76577355e+00  6.42676686e-02  3.98824554e-01  7.70394011e-02  7.39583372e-02  3.09644798e-02  2.29401049e-02 -3.63015398e-03 -2.51138274e-03  2.55753807e-02  3.43931324e-02 -1.44248302e-02  1.68620653e-02  4.12147199e-03  2.77991605e-02
 6.55310600e+00  8.38765080e-01 -1.31431373e+00  3.36270414e+00 -7.86231569e-01  1.57974890e+00  4.30767425e-02  3.51657833e-01  6.71814808e-02  6.34931769e-02  2.65963066e-02  2.10332525e-02 -5.79140488e-03 -3.19033607e-03  2.34946541e-02  3.20900961e-02 -1.32667400e-02  1.56676315e-02  2.74750132e-03  2.63958672e-02
 6.60521000e+00  6.57020152e-01 -1.23428479e+00  2.97963463e+00 -7.58624229e-01  1.41145495e+00  2.46981603e-02  3.09480400e-01  5.84965107e-02  5.45403452e-02  2.26583018e-02  1.94647093e-02 -7.78651793e-03 -3.98985674e-03  2.16440937e-02  2.99820640e-02 -1.22738915e-02  1.44301716e-02  1.84946889e-03  2.47372097e-02
 6.65731500e+00  4.95348476e-01 -1.15764055e+00  2.63329417e+00 -7.30301915e-01  1.25929839e+00  8.83941469e-03  2.71807150e-01  5.08598814e-02  4.68900829e-02  1.91156437e-02  1.81771266e-02 -9.63985480e-03 -4.87875294e-03  2.00224765e-02  2.80415747e-02 -1.14392498e-02  1.31765947e-02  1.35843683e-03  2.28988173e-02
 6.70941900e+00  3.51896025e-01 -1.08438921e+00  2.32048197e+00 -7.01544953e-01  1.12183677e+00 -4.76324853e-03  2.38201798e-01  4.41601266e-02  4.03548586e-02  1.59392254e-02  1.71186592e-02 -1.13663143e-02 -5.82314772e-03  1.86180524e-02  2.62435462e-02 -1.07498231e-02  1.19280785e-02  1.21158179e-03  2.09521802e-02
 6.76152300e+00  2.24960695e-01 -1.01451492e+00  2.03824630e+00 -6.72590610e-01  9.97747148e-01 -1.63498882e-02  2.08266551e-01  3.82959353e-02  3.47677691e-02  1.31032579e-02  1.62428605e-02 -1.29733567e-02 -6.78899814e-03  1.74108653e-02  2.45656857e-02 -1.01882584e-02  1.07006538e-02  1.35159255e-03  1.89621193e-02
 6.81362700e+00  1.12990097e-01 -9.47986828e-01  1.78388811e+00 -6.43641194e-01  8.85825437e-01 -2.61382663e-02  1.81640157e-01  3.31752506e-02  2.99822457e-02  1.05841346e-02  1.55088183e-02 -1.44626535e-02 -7.74395388e-03  1.63753580e-02  2.29889351e-02 -9.73453244e-03  9.50612139e-03  1.72624839e-03  1.69853798e-02
 6.86573100e+00  1.45648897e-02 -8.84759854e-01  1.55493264e+00 -6.14868527e-01  7.84972147e-01 -3.43263813e-02  1.57993151e-01  2.87140681e-02  2.58708085e-02  8.35942496e-03  1.48811042e-02 -1.58318202e-02 -8.65882404e-03  1.54826484e-02  2.14974645e-02 -9.36741855e-03  8.35285569e-03  2.28803142e-03  1.50697313e-02
 6.91783600e+00 -7.16146737e-02 -8.24775437e-01  1.34910631e+00 -5.86417626e-01  6.94180734e-01 -4.10944399e-02  1.37024241e-01  2.48356503e-02  2.23237469e-02  6.40728631e-03  1.43296576e-02 -1.70759782e-02 -9.50859992e-03  1.47025658e-02  2.00784906e-02 -9.06577566e-03  7.24655959e-03  2.99385417e-03  1.32536371e-02
 6.96994000e+00 -1.46732945e-01 -7.67967626e-01  1.16433460e+00 -5.58412432e-01  6.12535560e-01 -4.66059461e-02  1.18459235e-01  2.14703215e-02  1.92479821e-02  4.70634801e-03  1.38296269e-02 -1.81890041e-02 -1.02730000e-02  1.40054412e-02  1.87221064e-02 -8.80963946e-03  6.19103460e-03  3.80479027e-03  1.15665534e-02
 7.02204400e+00 -2.11878173e-01 -7.14257539e-01  9.98702758e-01 -5.30955498e-01  5.39193677e-01 -5.10098437e-02  1.02046469e-01  1.85546689e-02  1.65651607e-02  3.23543615e-03  1.33610174e-02 -1.91647943e-02 -1.09368323e-02  1.33634034e-02  1.74207732e-02 -8.58101613e-03  5.18862987e-03  4.68600151e-03  1.00292304e-02
 7.07414800e+00 -2.68044055e-01 -6.63559273e-01  8.50457932e-01 -5.04132690e-01  4.73385130e-01 -5.44411740e-02  8.75566482e-02  1.60315700e-02  1.42103737e-02  1.97381697e-03  1.29083656e-02 -1.99980594e-02 -1.14899051e-02  1.27514753e-02  1.61690598e-02 -8.36449151e-03  4.24078910e-03  5.60656732e-03  8.65461485e-03
 7.12625300e+00 -3.16139839e-01 -6.15779037e-01  7.17989973e-01 -4.78014249e-01  4.14403998e-01 -5.70223294e-02  7.47806395e-02  1.38498186e-02  1.21304662e-02  9.01308236e-04  1.24602883e-02 -2.06850275e-02 -1.19267996e-02  1.21482475e-02  1.49632250e-02 -8.14757535e-03  3.34836182e-03  6.53941401e-03  7.44871385e-03
 7.17835700e+00 -3.56993510e-01 -5.70819913e-01  5.99829918e-01 -4.52658572e-01  3.61607451e-01 -5.88638350e-02  6.35290457e-02  1.19640248e-02  1.02826328e-02 -1.43617365e-06  1.20090436e-02 -2.12238458e-02 -1.22464175e-02  1.15363216e-02  1.38009664e-02 -7.92086442e-03  2.51191968e-03  7.46114196e-03  6.41169291e-03
 7.23046100e+00 -3.91363394e-01 -5.28577502e-01  4.94624496e-01 -4.28110743e-01  3.14404215e-01 -6.00655218e-02  5.36294922e-02  1.03340785e-02  8.63267702e-03 -7.52842036e-04  1.15499831e-02 -2.16149185e-02 -1.24514918e-02  1.09023748e-02  1.26809738e-02 -7.67798528e-03  1.73181645e-03  8.35201864e-03  5.53877042e-03
 7.28256500e+00 -4.19939868e-01 -4.88944742e-01  4.01137207e-01 -4.04405872e-01  2.72254937e-01 -6.07171256e-02  4.49264714e-02  8.92500201e-03  7.15375864e-03 -1.37014506e-03  1.10810859e-02 -2.18609396e-02 -1.25479408e-02  1.02371203e-02  1.16027551e-02 -7.41543266e-03  1.00835030e-03  9.19576719e-03  4.82132480e-03
 7.33466900e+00 -4.43351437e-01 -4.51812029e-01  3.18237083e-01 -3.81569747e-01  2.34667132e-01 -6.08990979e-02  3.72799697e-02  7.70654821e-03  5.82504225e-03 -1.86926728e-03  1.06024622e-02 -2.19668535e-02 -1.25442376e-02  9.53503917e-03  1.05663851e-02 -7.13227678e-03  3.41784770e-04  9.97941468e-03  4.24782268e-03
 7.38677400e+00 -4.62169753e-01 -4.17067579e-01  2.44889495e-01 -3.59619452e-01  2.01191037e-01 -6.06833056e-02  3.05642703e-02  6.65279405e-03  4.63049125e-03 -2.26472399e-03  1.01158820e-02 -2.19396865e-02 -1.24507723e-02  8.79398240e-03  9.57229749e-03 -6.82979254e-03 -2.67662998e-04  1.06931032e-02  3.80468174e-03
 7.43887800e+00 -4.76912613e-01 -3.84600984e-01  1.80154316e-01 -3.38565946e-01  1.71418849e-01 -6.01337211e-02  2.46674006e-02  5.74180669e-03  3.55790665e-03 -2.56954437e-03  9.62438678e-03 -2.17882994e-02 -1.22792547e-02  8.01476286e-03  8.62120417e-03 -6.51107370e-03 -8.19803669e-04  1.13298037e-02  3.47707377e-03
 7.49098200e+00 -4.88050181e-01 -3.54300070e-01  1.23170724e-01 -3.18412372e-01  1.44977856e-01 -5.93070267e-02  1.94893347e-02  4.95509732e-03  2.59787789e-03 -2.79531212e-03  9.13185130e-03 -2.15230730e-02 -1.20421478e-02  7.20055812e-03  7.71385465e-03 -6.18057202e-03 -1.31458857e-03  1.18851387e-02  3.24953956e-03
 7.54308600e+00 -4.96007275e-01 -3.26054372e-01  7.31566584e-02 -2.99156513e-01  1.21530250e-01 -5.82532233e-02  1.49415195e-02  4.27727575e-03  1.74310200e-03 -2.95217079e-03  8.64268570e-03 -2.11555646e-02 -1.17521806e-02  6.35644205e-03  6.85101139e-03 -5.84370098e-03 -1.75211154e-03  1.23570457e-02  3.10658256e-03
 7.59519000e+00 -5.01167347e-01 -2.99755111e-01  2.94013864e-02 -2.80791056e-01  1.00769794e-01 -5.70161992e-02  1.09457613e-02  3.69560660e-03  9.87716905e-04 -3.04890459e-03  8.16154056e-03 -2.06981509e-02 -1.14219251e-02  5.48885937e-03  6.03334950e-03 -5.50643654e-03 -2.13267137e-03  1.27454985e-02  3.03311168e-03
 7.64729500e+00 -5.03875875e-01 -2.75295312e-01 -8.74076399e-03 -2.63303912e-01  8.24189835e-02 -5.56342424e-02  7.43321773e-03  3.19959451e-03  3.26770772e-04 -3.09303872e-03  7.69306111e-03 -2.01636668e-02 -1.10634413e-02  4.60513033e-03  5.26137902e-03 -5.17495617e-03 -2.45682343e-03  1.30522123e-02  3.01479528e-03
 7.69939900e+00 -5.04443364e-01 -2.52572123e-01 -4.18528363e-02 -2.46680127e-01  6.62280574e-02 -5.41406631e-02  4.34375169e-03  2.78063831e-03 -2.44135045e-04 -3.09095650e-03  7.24173246e-03 -1.95651157e-02 -1.06880301e-02  3.71308834e-03  4.53545475e-03 -4.85535771e-03 -2.72539434e-03  1.32803254e-02  3.03832557e-03
 7.75150300e+00 -5.03148614e-01 -2.31484384e-01 -7.04645642e-02 -2.30900430e-01  5.19706607e-02 -5.25641186e-02  1.62466545e-03  2.43162203e-03 -7.29227420e-04 -3.04803611e-03  6.81167846e-03 -1.89153076e-02 -1.03059862e-02  2.82060431e-03  3.85565153e-03 -4.55336765e-03 -2.93954820e-03  1.34341466e-02  3.09160101e-03
 7.80360700e+00 -5.00241261e-01 -2.11934836e-01 -9.50539974e-02 -2.15943093e-01  3.94432003e-02 -5.09291762e-02 -7.69837367e-04  2.14663677e-03 -1.13272715e-03 -2.96878390e-03  6.40659003e-03 -1.82266358e-02 -9.92648454e-03  1.93534240e-03  3.22179960e-03 -4.27416778e-03 -3.10077920e-03  1.35188581e-02  3.16384335e-03
 7.85571100e+00 -4.95944451e-01 -1.93829857e-01 -1.16052647e-01 -2.01784066e-01  2.84624984e-02 -4.92567187e-02 -2.87948757e-03  1.92068997e-03 -1.45900674e-03 -2.85697304e-03  6.02964272e-03 -1.75108474e-02 -9.55748832e-03  1.06449384e-03  2.63345449e-03 -4.02224296e-03 -3.21092609e-03  1.35402701e-02  3.24565320e-03
 7.90781600e+00 -4.90457167e-01 -1.77079310e-01 -1.33849886e-01 -1.88397160e-01  1.88637746e-02 -4.75643149e-02 -4.73869378e-03  1.74946072e-03 -1.71267782e-03 -2.71577303e-03  5.68344674e-03 -1.67788540e-02 -9.20570785e-03  2.14572147e-04  2.08988085e-03 -3.80128084e-03 -3.27217034e-03  1.35045930e-02  3.32901967e-03
 7.95992000e+00 -4.83956927e-01 -1.61597898e-01 -1.48795458e-01 -1.75755466e-01  1.04996308e-02 -4.58667253e-02 -6.37705890e-03  1.62910809e-03 -1.89860762e-03 -2.54788519e-03  5.37005445e-03 -1.60406560e-02 -8.87663298e-03 -6.08654234e-04  1.59009511e-03 -3.61413635e-03 -3.28702005e-03  1.34182407e-02  3.40728335e-03
 8.01202400e+00 -4.76601255e-01 -1.47303285e-01 -1.61205067e-01 -1.63830175e-01  3.23734588e-03 -4.41760544e-02 -7.82019200e-03  1.55608487e-03 -2.02194489e-03 -2.35563911e-03  5.09092242e-03 -1.53051693e-02 -8.57453196e-03 -1.40034151e-03  1.13281167e-03 -3.46279280e-03 -3.25829599e-03  1.32876536e-02  3.47508563e-03
 8.06412800e+00 -4.68530021e-01 -1.34117411e-01 -1.71362254e-01 -1.52591960e-01 -3.04185070e-03 -4.25022005e-02 -9.09010470e-03  1.52701974e-03 -2.08806832e-03 -2.14110295e-03  4.84695690e-03 -1.45802298e-02 -8.30254448e-03 -2.15654219e-03  7.16500425e-04 -3.34839818e-03 -3.18909750e-03  1.31191566e-02  3.52827930e-03
 8.11623200e+00 -4.59867130e-01 -1.21966129e-01 -1.79521807e-01 -1.42011013e-01 -8.44434615e-03 -4.08531164e-02 -1.02057386e-02  1.53861340e-03 -2.10254205e-03 -1.90616713e-03  4.63853771e-03 -1.38725638e-02 -8.06275969e-03 -2.87422197e-03  3.39396139e-04 -3.27130474e-03 -3.08276942e-03  1.29188422e-02  3.56383190e-03
 8.16833700e+00 -4.50721990e-01 -1.10778942e-01 -1.85912669e-01 -1.32057131e-01 -1.30654848e-02 -3.92350447e-02 -1.11834205e-02  1.58756843e-03 -2.07105262e-03 -1.65261119e-03  4.46555510e-03 -1.31877879e-02 -7.85631081e-03 -3.55124277e-03 -4.83151111e-07 -3.23113217e-03 -2.94285949e-03  1.26924748e-02  3.57971764e-03
 8.22044100e+00 -4.41191710e-01 -1.00489770e-01 -1.90740048e-01 -1.22700713e-01 -1.69903785e-02 -3.76528821e-02 -1.20371783e-02  1.67053838e-03 -1.99934413e-03 -1.38218170e-03  4.32746852e-03 -1.25304989e-02 -7.68349691e-03 -4.18625867e-03 -3.05282698e-04 -3.22684716e-03 -2.77308656e-03  1.24454421e-02  3.57480324e-03
 8.27254500e+00 -4.31361417e-01 -9.10355663e-02 -1.94188488e-01 -1.13911822e-01 -2.02954836e-02 -3.61102098e-02 -1.27791959e-02  1.78410849e-03 -1.89314475e-03 -1.09660785e-03  4.22333669e-03 -1.19042523e-02 -7.54386946e-03 -4.77872400e-03 -5.77319518e-04 -3.25684445e-03 -2.57727883e-03  1.21826823e-02  3.54873519e-03
 8.32464900e+00 -4.21306175e-01 -8.23570869e-02 -1.96423475e-01 -1.05661154e-01 -2.30491812e-02 -3.46096106e-02 -1.34200348e-02  1.92478531e-03 -1.75810079e-03 -7.97653181e-04  4.15188327e-03 -1.13116879e-02 -7.43635943e-03 -5.32875922e-03 -8.19023380e-04 -3.31904058e-03 -2.35933744e-03  1.19086749e-02  3.50182528e-03
 8.37675400e+00 -4.11091741e-01 -7.43984063e-02 -1.97593523e-01 -9.79198513e-02 -2.53127686e-02 -3.31527814e-02 -1.39689247e-02  2.08900770e-03 -1.59971025e-03 -4.87126319e-04  4.11154460e-03 -1.07545885e-02 -7.35937988e-03 -5.83708549e-03 -1.03291450e-03 -3.41096522e-03 -2.12318276e-03  1.16274188e-02  3.43494083e-03
 8.42885800e+00 -4.00776351e-01 -6.71073914e-02 -1.97831843e-01 -9.06602227e-02 -2.71410640e-02 -3.17407949e-02 -1.44339463e-02  2.27315195e-03 -1.42327881e-03 -1.66916836e-04  4.10052304e-03 -1.02340113e-02 -7.31093441e-03 -6.30489578e-03 -1.22155459e-03 -3.52984158e-03 -1.87272724e-03  1.13424561e-02  3.34940733e-03
 8.48096200e+00 -3.90410438e-01 -6.04346597e-02 -1.97258035e-01 -8.38549670e-02 -2.85833547e-02 -3.03740637e-02 -1.48222868e-02  2.47357710e-03 -1.23385233e-03  1.61037216e-04  4.11683114e-03 -9.75031631e-03 -7.28870512e-03 -6.73382316e-03 -1.38753914e-03 -3.67268056e-03 -1.61180433e-03  1.10568518e-02  3.24690477e-03
 8.53306600e+00 -3.80038227e-01 -5.43340725e-02 -1.95979388e-01 -7.74778649e-02 -2.96838298e-02 -2.90525672e-02 -1.51403584e-02  2.68664462e-03 -1.03618737e-03  4.94729312e-04  4.15834126e-03 -9.30330214e-03 -7.29014815e-03 -7.12581402e-03 -1.53344949e-03 -3.83635145e-03 -1.34414514e-03  1.07732352e-02  3.12938439e-03
 8.58517000e+00 -3.69698249e-01 -4.87624445e-02 -1.94092165e-01 -7.15036960e-02 -3.04821749e-02 -2.77759225e-02 -1.53939461e-02  2.90875649e-03 -8.34715333e-04  8.32099666e-04  4.22282741e-03 -8.89228524e-03 -7.31257275e-03 -7.48305638e-03 -1.66182811e-03 -4.01765334e-03 -1.07333603e-03  1.04938209e-02  2.99898786e-03
 8.63727500e+00 -3.59423782e-01 -4.36793180e-02 -1.91682671e-01 -6.59081872e-02 -3.10140650e-02 -2.65434456e-02 -1.55883252e-02  3.13639599e-03 -6.33513301e-04  1.17105554e-03  4.30800626e-03 -8.51617936e-03 -7.35321424e-03 -7.80791035e-03 -1.77515390e-03 -4.21338096e-03 -8.02779168e-04  1.02204333e-02  2.85797313e-03
 8.68937900e+00 -3.49244207e-01 -3.90472116e-02 -1.88828443e-01 -6.06684700e-02 -3.13115581e-02 -2.53543168e-02 -1.57283410e-02  3.36614633e-03 -4.36301644e-04  1.50946228e-03  4.41156596e-03 -8.17360439e-03 -7.40929367e-03 -8.10281592e-03 -1.87580962e-03 -4.42036320e-03 -5.35682893e-04  9.95456036e-03  2.70866264e-03
 8.74148300e+00 -3.39184319e-01 -3.48309050e-02 -1.85598857e-01 -5.57624575e-02 -3.14035343e-02 -2.42074994e-02 -1.58185075e-02  3.59475135e-03 -2.46409702e-04  1.84520171e-03  4.53120790e-03 -7.86291740e-03 -7.47807710e-03 -8.37027002e-03 -1.96607377e-03 -4.63553133e-03 -2.75004385e-04  9.69735559e-03  2.55337230e-03
 8.79358700e+00 -3.29265563e-01 -3.09977072e-02 -1.82056093e-01 -5.11692882e-02 -3.13159858e-02 -2.31018859e-02 -1.58630527e-02  3.81912994e-03 -6.67864285e-05  2.17616674e-03  4.66466885e-03 -7.58230925e-03 -7.55691863e-03 -8.61274901e-03 -2.04809347e-03 -4.85594201e-03 -2.34487302e-05  9.44969280e-03  2.39437531e-03
 8.84569100e+00 -3.19506224e-01 -2.75172266e-02 -1.78255793e-01 -4.68692104e-02 -3.10723233e-02 -2.20363146e-02 -1.58659717e-02  4.03640865e-03  1.00002977e-04  2.50028898e-03  4.80974719e-03 -7.32985669e-03 -7.64329893e-03 -8.83267097e-03 -2.12387194e-03 -5.07881123e-03  2.16553691e-04  9.21219377e-03  2.23386017e-03
 8.89779600e+00 -3.09921590e-01 -2.43611873e-02 -1.74247605e-01 -4.28434939e-02 -3.06936281e-02 -2.10095845e-02 -1.58310629e-02  4.24394983e-03  2.51774611e-04  2.81556562e-03  4.96432725e-03 -7.10357038e-03 -7.73485731e-03 -9.03236292e-03 -2.19525806e-03 -5.30154210e-03  4.42864518e-04  8.98525556e-03  2.07389511e-03
 8.94990000e+00 -3.00524990e-01 -2.15035414e-02 -1.70076047e-01 -3.90747106e-02 -3.01989125e-02 -2.00205594e-02 -1.57619601e-02  4.43935585e-03  3.86705289e-04  3.12005566e-03  5.12638538e-03 -6.90145649e-03 -7.82940778e-03 -9.21401660e-03 -2.26393236e-03 -5.52172505e-03  6.53629236e-04  8.76909749e-03  1.91641436e-03
 9.00200400e+00 -2.91326960e-01 -1.89199861e-02 -1.65780544e-01 -3.55462420e-02 -2.96052781e-02 -1.90680709e-02 -1.56621491e-02  4.62050830e-03  5.03337521e-04  3.41193523e-03  5.29402288e-03 -6.72152832e-03 -7.92496651e-03 -9.37968889e-03 -2.33140970e-03 -5.73717531e-03  8.47308252e-04  8.56376261e-03  1.76317949e-03
 9.05410800e+00 -2.82336220e-01 -1.65880937e-02 -1.61396171e-01 -3.22425578e-02 -2.89281214e-02 -1.81510133e-02 -1.55349837e-02  4.78556262e-03  6.00552224e-04  3.68949073e-03  5.46546641e-03 -6.56185506e-03 -8.01975577e-03 -9.53126981e-03 -2.39903099e-03 -5.94592266e-03  1.02266042e-03  8.36916083e-03  1.61577702e-03
 9.10621200e+00 -2.73559702e-01 -1.44871344e-02 -1.56953981e-01 -2.91490962e-02 -2.81812864e-02 -1.72683339e-02 -1.53836955e-02  4.93295831e-03  6.77554279e-04  3.95114065e-03  5.63908034e-03 -6.42058196e-03 -8.11221144e-03 -9.67047565e-03 -2.46796462e-03 -6.14621856e-03  1.17874525e-03  8.18508748e-03  1.47560532e-03
 9.15831700e+00 -2.65002577e-01 -1.25979315e-02 -1.52481276e-01 -2.62521667e-02 -2.73771900e-02 -1.64190246e-02 -1.52113948e-02  5.06142309e-03  7.33854179e-04  4.19545389e-03  5.81337713e-03 -6.29594718e-03 -8.20098586e-03 -9.79884542e-03 -2.53921031e-03 -6.33653884e-03  1.31491981e-03  8.01124098e-03  1.34386660e-03
 9.21042100e+00 -2.56669076e-01 -1.09028960e-02 -1.48002275e-01 -2.35391238e-02 -2.65270111e-02 -1.56021899e-02 -1.50210865e-02  5.16996112e-03  7.69243571e-04  4.42114308e-03  5.98700859e-03 -6.18630515e-03 -8.28493830e-03 -9.91772958e-03 -2.61359821e-03 -6.51556567e-03  1.43082029e-03  7.84725452e-03  1.22157506e-03
 9.26252500e+00 -2.48561657e-01 -9.38570734e-03 -1.43537899e-01 -2.09979862e-02 -2.56407100e-02 -1.48169497e-02 -1.48156499e-02  5.25786188e-03  7.83780264e-04  4.62710241e-03  6.15878851e-03 -6.09012187e-03 -8.36313904e-03 -1.00283068e-02 -2.69180370e-03 -6.68220345e-03  1.52636667e-03  7.69269255e-03  1.10954329e-03
 9.31462900e+00 -2.40681805e-01 -8.03136453e-03 -1.39106383e-01 -1.86176154e-02 -2.47271921e-02 -1.40625038e-02 -1.45978489e-02  5.32468048e-03  7.77761397e-04  4.81239617e-03  6.32767982e-03 -6.00599054e-03 -8.43485344e-03 -1.01315791e-02 -2.77435022e-03 -6.83555606e-03  1.60173851e-03  7.54707879e-03  1.00839705e-03
 9.36673300e+00 -2.33029984e-01 -6.82605412e-03 -1.34723440e-01 -1.63876109e-02 -2.37943844e-02 -1.33381116e-02 -1.43703254e-02  5.37022797e-03  7.51702260e-04  4.97626918e-03  6.49279674e-03 -5.93263148e-03 -8.49953240e-03 -1.02283821e-02 -2.86162020e-03 -6.97492127e-03  1.65736243e-03  7.40990543e-03  9.18579718e-04
 9.41883800e+00 -2.25605613e-01 -5.75704241e-03 -1.30402407e-01 -1.42982246e-02 -2.28493013e-02 -1.26430737e-02 -1.41355908e-02  5.39455661e-03  7.06312649e-04  5.11815301e-03  6.65340492e-03 -5.86889067e-03 -8.55680019e-03 -1.03193967e-02 -2.95386753e-03 -7.09978260e-03  1.69389555e-03  7.28064161e-03  8.40360010e-04
 9.47094200e+00 -2.18407731e-01 -4.81267066e-03 -1.26154791e-01 -1.23404725e-02 -2.18981944e-02 -1.19767784e-02 -1.38960392e-02  5.39794134e-03  6.42478214e-04  5.23765739e-03  6.80890485e-03 -5.81374194e-03 -8.60643579e-03 -1.04051534e-02 -3.05122194e-03 -7.20978890e-03  1.71220447e-03  7.15875255e-03  7.73848674e-04
 9.52304600e+00 -2.11434239e-01 -3.98215300e-03 -1.21989966e-01 -1.05058508e-02 -2.09465129e-02 -1.13386140e-02 -1.36539157e-02  5.38086375e-03  5.61232935e-04  5.33458667e-03  6.95884469e-03 -5.76627525e-03 -8.64836397e-03 -1.04860556e-02 -3.15371152e-03 -7.30475723e-03  1.71334970e-03  7.04369262e-03  7.19001750e-04
 9.57515000e+00 -2.04682552e-01 -3.25558612e-03 -1.17915691e-01 -8.78645656e-03 -1.99990413e-02 -1.07280147e-02 -1.34113301e-02  5.34398968e-03  4.63740372e-04  5.40892706e-03  7.10290097e-03 -5.72569595e-03 -8.68263486e-03 -1.05623859e-02 -3.26126806e-03 -7.38465117e-03  1.69856182e-03  6.93492204e-03  6.75640177e-04
 9.62725500e+00 -1.98149417e-01 -2.62384630e-03 -1.13938121e-01 -7.17487598e-03 -1.90599230e-02 -1.01444274e-02 -1.31702436e-02  5.28814762e-03  3.51269339e-04  5.46084737e-03  7.24087648e-03 -5.69131603e-03 -8.70940928e-03 -1.06343232e-02 -3.37374323e-03 -7.44957275e-03  1.66922019e-03  6.83190785e-03  6.43461809e-04
 9.67935900e+00 -1.91831477e-01 -2.07857080e-03 -1.10062273e-01 -5.66426874e-03 -1.81327872e-02 -9.58734736e-03 -1.29324844e-02  5.21431182e-03  2.25182121e-04  5.49069114e-03  7.37268098e-03 -5.66254906e-03 -8.72894079e-03 -1.07019518e-02 -3.49091191e-03 -7.49974607e-03  1.62683359e-03  6.73413617e-03  6.22058302e-04
 9.73146300e+00 -1.85724585e-01 -1.61202463e-03 -1.06291716e-01 -4.24814722e-03 -1.72206920e-02 -9.05624244e-03 -1.26997170e-02  5.12357416e-03  8.69015325e-05  5.49897692e-03  7.49833767e-03 -5.63889817e-03 -8.74156300e-03 -1.07652831e-02 -3.61249681e-03 -7.53551334e-03  1.57301456e-03  6.64110387e-03  6.10926291e-04
 9.78356700e+00 -1.79824373e-01 -1.21709446e-03 -1.02629014e-01 -2.92046937e-03 -1.63262446e-02 -8.55058989e-03 -1.24734593e-02  5.01712657e-03 -6.20998126e-05  5.48638707e-03  7.61796239e-03 -5.61995049e-03 -8.74767224e-03 -1.08242647e-02 -3.73817101e-03 -7.55731850e-03  1.50945915e-03  6.55232929e-03  6.09484923e-04
 9.83567100e+00 -1.74126176e-01 -8.87223712e-04 -9.90757828e-02 -1.67557648e-03 -1.54516271e-02 -8.06985716e-03 -1.22550775e-02  4.89623907e-03 -2.20319683e-04  5.45376103e-03  7.73175582e-03 -5.60536805e-03 -8.74771376e-03 -1.08787945e-02 -3.86757038e-03 -7.56569786e-03  1.43792429e-03  6.46735216e-03  6.17089759e-04
 9.88777600e+00 -1.68624986e-01 -6.16360176e-04 -9.56327415e-02 -5.08143644e-04 -1.45986212e-02 -7.61348613e-03 -1.20457818e-02  4.76223679e-03 -3.86246624e-04  5.40208512e-03  7.83999472e-03 -5.59487930e-03 -8.74216820e-03 -1.09287350e-02 -4.00030561e-03 -7.56126952e-03  1.36020440e-03  6.38573348e-03  6.33047346e-04
 9.93988000e+00 -1.63315907e-01 -3.98931967e-04 -9.23000877e-02  5.86757638e-04 -1.37687120e-02 -7.18092123e-03 -1.18466441e-02  4.61649122e-03 -5.58363123e-04  5.33248696e-03  7.94301273e-03 -5.58827168e-03 -8.73153976e-03 -1.09739210e-02 -4.13596051e-03 -7.54472401e-03  1.27811607e-03  6.30706255e-03  6.56627404e-04
 9.99198400e+00 -1.58193576e-01 -2.29776584e-04 -8.90772025e-02  1.61381695e-03 -1.29630243e-02 -6.77155144e-03 -1.16585754e-02  4.46038653e-03 -7.35179650e-04  5.24621860e-03  8.04120184e-03 -5.58538260e-03 -8.71634441e-03 -1.10141771e-02 -4.27411473e-03 -7.51681419e-03  1.19346828e-03  6.23094802e-03  6.87077486e-04
 1.00440880e+01 -1.53252619e-01 -1.04126414e-04 -8.59630115e-02  2.57741509e-03 -1.21824218e-02 -6.38474132e-03 -1.14823454e-02  4.29531289e-03 -9.15235712e-04  5.14464844e-03  8.13499305e-03 -5.58609272e-03 -8.69710026e-03 -1.10493239e-02 -4.41434003e-03 -7.47834622e-03  1.10804835e-03  6.15702427e-03  7.23633791e-04
 1.00961920e+01 -1.48487586e-01 -1.75700840e-05 -8.29560031e-02  3.48166634e-03 -1.14275205e-02 -6.01981861e-03 -1.13185821e-02  4.12264861e-03 -1.09711538e-03  5.02924790e-03  8.22484779e-03 -5.59031858e-03 -8.67431889e-03 -1.10791881e-02 -4.55620815e-03 -7.43017078e-03  1.02360145e-03  6.08494964e-03  7.65532254e-04
 1.01482970e+01 -1.43892893e-01  3.39779623e-05 -8.00542517e-02  4.33045155e-03 -1.06987023e-02 -5.67606561e-03 -1.11677732e-02  3.94374289e-03 -1.27946193e-03  4.90157566e-03  8.31124915e-03 -5.59800592e-03 -8.64849744e-03 -1.11036117e-02 -4.69929777e-03 -7.37317349e-03  9.41811155e-04  6.01440469e-03  8.12019235e-04
 1.02004010e+01 -1.39463202e-01  5.43009902e-05 -7.72557083e-02  5.12736973e-03 -9.99619645e-03 -5.35274413e-03 -1.10302830e-02  3.75991753e-03 -1.46097356e-03  4.76327383e-03  8.39468535e-03 -5.60912261e-03 -8.62011454e-03 -1.11224573e-02 -4.84318669e-03 -7.30827139e-03  8.64288900e-04  5.94509703e-03  8.62356429e-04
 1.02525050e+01 -1.35192917e-01  4.69098983e-05 -7.45579296e-02  5.87584980e-03 -9.32001869e-03 -5.04905603e-03 -1.09063402e-02  3.57243573e-03 -1.64043298e-03  4.61603879e-03  8.47565019e-03 -5.62365350e-03 -8.58962249e-03 -1.11356170e-02 -4.98747059e-03 -7.23639851e-03  7.92549127e-04  5.87675266e-03  9.15833594e-04
 1.03046090e+01 -1.31076566e-01  1.50602947e-05 -7.19583573e-02  6.57909737e-03 -8.67004865e-03 -4.76417124e-03 -1.07960562e-02  3.38250688e-03 -1.81670047e-03  4.46161582e-03  8.55462752e-03 -5.64159424e-03 -8.55744549e-03 -1.11430165e-02 -5.13175329e-03 -7.15850270e-03  7.28001640e-04  5.80912077e-03  9.71771166e-04
 1.03567130e+01 -1.27108731e-01 -3.82268328e-05 -6.94543106e-02  7.24012316e-03 -8.04603499e-03 -4.49722333e-03 -1.06994283e-02  3.19127589e-03 -1.98872319e-03  4.30178156e-03  8.63208473e-03 -5.66294602e-03 -8.52397662e-03 -1.11446191e-02 -5.27565003e-03 -7.07553735e-03  6.71937521e-04  5.74197177e-03  1.02952600e-03
 1.04088180e+01 -1.23283995e-01 -1.10149342e-04 -6.70429824e-02  7.86176524e-03 -7.44760136e-03 -4.24730820e-03 -1.06163453e-02  2.99981386e-03 -2.15554292e-03  4.13832525e-03  8.70846674e-03 -5.68771118e-03 -8.48957561e-03 -1.11404295e-02 -5.41878998e-03 -6.98845285e-03  6.25517430e-04  5.67509545e-03  1.08849619e-03
 1.04609220e+01 -1.19597248e-01 -1.98102567e-04 -6.47216587e-02  8.44665185e-03 -6.87430744e-03 -4.01350724e-03 -1.05465998e-02  2.80912853e-03 -2.31628659e-03  3.97304566e-03  8.78418347e-03 -5.71588661e-03 -8.45457091e-03 -1.11304969e-02 -5.56080442e-03 -6.89819663e-03  5.89765715e-04  5.60830564e-03  1.14811905e-03
 1.05130260e+01 -1.16043260e-01 -2.99673831e-04 -6.24874710e-02  8.99728194e-03 -6.32559398e-03 -3.79486367e-03 -1.04898864e-02  2.62013938e-03 -2.47018767e-03  3.80771660e-03  8.85961276e-03 -5.74746231e-03 -8.41925589e-03 -1.11149156e-02 -5.70134196e-03 -6.80569680e-03  5.65557446e-04  5.54143212e-03  1.20787940e-03
 1.05651300e+01 -1.12616995e-01 -4.12624820e-04 -6.03376077e-02  9.51598503e-03 -5.80084158e-03 -3.59040778e-03 -1.04458148e-02  2.43369080e-03 -2.61657422e-03  3.64408382e-03  8.93508945e-03 -5.78241563e-03 -8.38389243e-03 -1.10938265e-02 -5.84005590e-03 -6.71186265e-03  5.53616304e-04  5.47432540e-03  1.26730548e-03
 1.06172340e+01 -1.09313538e-01 -5.34881681e-04 -5.82692871e-02  1.00049414e-02 -5.29937008e-03 -3.39915827e-03 -1.04139152e-02  2.25054799e-03 -2.75487211e-03  3.48384672e-03  9.01090273e-03 -5.82070808e-03 -8.34871175e-03 -1.10674170e-02 -5.97660511e-03 -6.61757724e-03  5.54509408e-04  5.40685524e-03  1.32596972e-03
 1.06693390e+01 -1.06128051e-01 -6.64527561e-04 -5.62797352e-02  1.04661980e-02 -4.82043934e-03 -3.22012569e-03 -1.03936450e-02  2.07139418e-03 -2.88460642e-03  3.32864062e-03  9.08729423e-03 -5.86228298e-03 -8.31391577e-03 -1.10359194e-02 -6.11065461e-03 -6.52369010e-03  5.68645242e-04  5.33890910e-03  1.38348857e-03
 1.07214430e+01 -1.03056016e-01 -7.99783490e-04 -5.43663485e-02  1.09016405e-02 -4.36329435e-03 -3.05233288e-03 -1.03843967e-02  1.89684578e-03 -3.00538983e-03  3.18003442e-03  9.16444974e-03 -5.90705925e-03 -8.27968209e-03 -1.09996127e-02 -6.24186339e-03 -6.43101930e-03  5.96271498e-04  5.27039723e-03  1.43951635e-03
 1.07735470e+01 -1.00092880e-01 -9.39015178e-04 -5.25264729e-02  1.13130526e-02 -3.92711780e-03 -2.89480142e-03 -1.03855025e-02  1.72743392e-03 -3.11693493e-03  3.03949930e-03  9.24250634e-03 -5.95493379e-03 -8.24616266e-03 -1.09588161e-02 -6.36989805e-03 -6.34033579e-03  6.37477522e-04  5.20124470e-03  1.49374948e-03
 1.08256510e+01 -9.72343009e-02 -1.08071571e-03 -5.07575629e-02  1.17020870e-02 -3.51107421e-03 -2.74657266e-03 -1.03962423e-02  1.56362112e-03 -3.21904079e-03  2.90840828e-03  9.32154570e-03 -6.00577619e-03 -8.21348914e-03 -1.09138897e-02 -6.49442083e-03 -6.25236620e-03  6.92195875e-04  5.13139639e-03  1.54591931e-03
 1.08777560e+01 -9.44760362e-02 -1.22350388e-03 -4.90571132e-02  1.20702868e-02 -3.11429932e-03 -2.60670832e-03 -1.04158501e-02  1.40579807e-03 -3.31159344e-03  2.78801961e-03  9.40159704e-03 -6.05942897e-03 -8.18177450e-03 -1.08652290e-02 -6.61509319e-03 -6.16778536e-03  7.60207797e-04  5.06081412e-03  1.59579117e-03
 1.09298600e+01 -9.18141570e-02 -1.36610694e-03 -4.74227880e-02  1.24190634e-02 -2.73593578e-03 -2.47430763e-03 -1.04435187e-02  1.25429920e-03 -3.39455456e-03  2.67947564e-03  9.48263162e-03 -6.11570219e-03 -8.15111817e-03 -1.08132655e-02 -6.73156572e-03 -6.08721919e-03  8.41143022e-04  4.98948171e-03  1.64315744e-03
 1.09819640e+01 -8.92447295e-02 -1.50737124e-03 -4.58522243e-02  1.27497444e-02 -2.37509266e-03 -2.34849731e-03 -1.04784077e-02  1.10938823e-03 -3.46796754e-03  2.58378003e-03  9.56457326e-03 -6.17437896e-03 -8.12160503e-03 -1.07584570e-02 -6.84349154e-03 -6.01123167e-03  9.34494233e-04  4.91739637e-03  1.68784016e-03
 1.10340680e+01 -8.67640281e-02 -1.64624587e-03 -4.43431605e-02  1.30635501e-02 -2.03088106e-03 -2.22844800e-03 -1.05196487e-02  9.71274291e-04 -3.53194517e-03  2.50179978e-03  9.64729415e-03 -6.23521119e-03 -8.09331035e-03 -1.07012869e-02 -6.95051691e-03 -5.94032872e-03  1.03961990e-03  4.84457350e-03  1.72968403e-03
 1.10861720e+01 -8.43684810e-02 -1.78178027e-03 -4.28934001e-02  1.33616056e-02 -1.70241081e-03 -2.11337638e-03 -1.05663509e-02  8.40112631e-04 -3.58666637e-03  2.43425693e-03  9.73061892e-03 -6.29792090e-03 -8.06630136e-03 -1.06422579e-02 -7.05228410e-03 -5.87495425e-03  1.15575439e-03  4.77104451e-03  1.76855450e-03
 1.11382770e+01 -8.20546240e-02 -1.91312200e-03 -4.15007811e-02  1.36449510e-02 -1.38878886e-03 -2.00254737e-03 -1.06176085e-02  7.16006077e-04 -3.63237168e-03  2.38172326e-03  9.81432922e-03 -6.36220239e-03 -8.04063870e-03 -1.05818865e-02 -7.14843406e-03 -5.81548733e-03  1.28202032e-03  4.69685433e-03  1.80433580e-03
 1.11903810e+01 -7.98192740e-02 -2.03950220e-03 -4.01632772e-02  1.39145241e-02 -1.08914728e-03 -1.89528600e-03 -1.06725021e-02  5.99017987e-04 -3.66935459e-03  2.34462128e-03  9.89816074e-03 -6.42771869e-03 -8.01637995e-03 -1.05207015e-02 -7.23860066e-03 -5.76224531e-03  1.41742939e-03  4.62206597e-03  1.83692586e-03
 1.12424850e+01 -7.76592602e-02 -2.16024650e-03 -3.88788332e-02  1.41711976e-02 -8.02611165e-04 -1.79096742e-03 -1.07301108e-02  4.89161339e-04 -3.69796141e-03  2.32321702e-03  9.98181667e-03 -6.49411094e-03 -7.99357794e-03 -1.04592322e-02 -7.32242365e-03 -5.71547614e-03  1.56090842e-03  4.54675049e-03  1.86623845e-03
 1.12945890e+01 -7.55715986e-02 -2.27476079e-03 -3.76454686e-02  1.44157609e-02 -5.28326966e-04 -1.68902740e-03 -1.07895138e-02  3.86411528e-04 -3.71858228e-03  2.31762474e-03  1.00649655e-02 -6.56099596e-03 -7.97228364e-03 -1.03980064e-02 -7.39954350e-03 -5.67536280e-03  1.71130175e-03  4.47099105e-03  1.89219879e-03
 1.13466930e+01 -7.35534435e-02 -2.38252992e-03 -3.64612462e-02  1.46489295e-02 -2.65460248e-04 -1.58896132e-03 -1.08497977e-02  2.90706782e-04 -3.73164694e-03  2.32780775e-03  1.01472468e-02 -6.62797055e-03 -7.95254621e-03 -1.03375442e-02 -7.46960602e-03 -5.64202219e-03  1.86738609e-03  4.39487971e-03  1.91474307e-03
 1.13987980e+01 -7.16020461e-02 -2.48311592e-03 -3.53242471e-02  1.48713531e-02 -1.31947927e-05 -1.49032272e-03 -1.09100628e-02  2.01949131e-04 -3.73761962e-03  2.35358255e-03  1.02282778e-02 -6.69461622e-03 -7.93441285e-03 -1.02783509e-02 -7.53226657e-03 -5.61550534e-03  2.02788635e-03  4.31851398e-03  1.93381796e-03
 1.14509020e+01 -6.97148983e-02 -2.57614687e-03 -3.42326548e-02  1.50836019e-02  2.29244467e-04 -1.39273053e-03 -1.09694248e-02  1.20013430e-04 -3.73699375e-03  2.39462139e-03  1.03076516e-02 -6.76049800e-03 -7.91793003e-03 -1.02209153e-02 -7.58718869e-03 -5.59580040e-03  2.19147617e-03  4.24200062e-03  1.94937877e-03
 1.15030060e+01 -6.78895032e-02 -2.66132516e-03 -3.31846209e-02  1.52861958e-02  4.62616794e-04 -1.29585674e-03 -1.10270276e-02  4.47392501e-05 -3.73028780e-03  2.45046150e-03  1.03849515e-02 -6.82517654e-03 -7.90314103e-03 -1.01656977e-02 -7.63405488e-03 -5.58283111e-03  2.35680945e-03  4.16544464e-03  1.96139165e-03
 1.15551100e+01 -6.61235212e-02 -2.73841640e-03 -3.21783526e-02  1.54795902e-02  6.87642559e-04 -1.19943241e-03 -1.10820441e-02 -2.40602779e-05 -3.71804005e-03  2.52051072e-03  1.04597497e-02 -6.88820758e-03 -7.89008661e-03 -1.01131288e-02 -7.67256528e-03 -5.57646086e-03  2.52252102e-03  4.08895303e-03  1.96983224e-03
 1.16072140e+01 -6.44147267e-02 -2.80724833e-03 -3.12120890e-02  1.56641841e-02  9.05004813e-04 -1.10324367e-03 -1.11336835e-02 -8.65985067e-05 -3.70080428e-03  2.60405642e-03  1.05316137e-02 -6.94914823e-03 -7.87880379e-03 -1.00636034e-02 -7.70244270e-03 -5.57649452e-03  2.68724241e-03  4.01263109e-03  1.97468664e-03
 1.16593190e+01 -6.27609717e-02 -2.86770889e-03 -3.02840833e-02  1.58403255e-02  1.11535013e-03 -1.00712722e-03 -1.11811972e-02 -1.43114705e-04 -3.67914495e-03  2.70027680e-03  1.06001128e-02 -7.00756319e-03 -7.86932453e-03 -1.00174748e-02 -7.72343670e-03 -5.58268118e-03  2.84961747e-03  3.93657886e-03  1.97595212e-03
 1.17114230e+01 -6.11603064e-02 -2.91973886e-03 -2.93926739e-02  1.60083025e-02  1.31926974e-03 -9.10974777e-04 -1.12238815e-02 -1.93868327e-04 -3.65363489e-03  2.80824351e-03  1.06648172e-02 -7.06302560e-03 -7.86167520e-03 -9.97505336e-03 -7.73532572e-03 -5.59471671e-03  3.00830195e-03  3.86089505e-03  1.97363800e-03
 1.17635270e+01 -5.96107834e-02 -2.96333603e-03 -2.85361780e-02  1.61683655e-02  1.51732119e-03 -8.14718680e-04 -1.12610876e-02 -2.39144040e-04 -3.62484875e-03  2.92694357e-03  1.07253111e-02 -7.11512910e-03 -7.85587415e-03 -9.93659769e-03 -7.73792314e-03 -5.61224769e-03  3.16199387e-03  3.78566643e-03  1.96776685e-03
 1.18156310e+01 -5.81105810e-02 -2.99854766e-03 -2.77129652e-02  1.63207174e-02  1.71000996e-03 -7.18335728e-04 -1.12922231e-02 -2.79245803e-04 -3.59336082e-03  3.05528361e-03  1.07811918e-02 -7.16348857e-03 -7.85193102e-03 -9.90231442e-03 -7.73107877e-03 -5.63487471e-03  3.30943204e-03  3.71097215e-03  1.95837530e-03
 1.18677350e+01 -5.66579649e-02 -3.02546904e-03 -2.69214408e-02  1.64655205e-02  1.89779185e-03 -6.21841630e-04 -1.13167575e-02 -3.14496486e-04 -3.55974101e-03  3.19210326e-03  1.08320751e-02 -7.20774642e-03 -7.84984517e-03 -9.87235450e-03 -7.71468245e-03 -5.66215627e-03  3.44940951e-03  3.63688098e-03  1.94551525e-03
 1.19198400e+01 -5.52512573e-02 -3.04424110e-03 -2.61600335e-02  1.66029016e-02  2.08107517e-03 -5.25285346e-04 -1.13342270e-02 -3.45236810e-04 -3.52455073e-03  3.33618988e-03  1.08776006e-02 -7.24757831e-03 -7.84960427e-03 -9.84681041e-03 -7.68866623e-03 -5.69361343e-03  3.58078572e-03  3.56344894e-03  1.92925444e-03
 1.19719440e+01 -5.38889387e-02 -3.05504657e-03 -2.54272558e-02  1.67329460e-02  2.26020608e-03 -4.28752658e-04 -1.13442366e-02 -3.71821359e-04 -3.48834228e-03  3.48627937e-03  1.09174324e-02 -7.28269488e-03 -7.85118296e-03 -9.82571645e-03 -7.65300908e-03 -5.72873160e-03  3.70248543e-03  3.49072428e-03  1.90967868e-03
 1.20240480e+01 -5.25694807e-02 -3.05810949e-03 -2.47216182e-02  1.68557164e-02  2.43548945e-03 -3.32351235e-04 -1.13464658e-02 -3.94620239e-04 -3.45165167e-03  3.64108466e-03  1.09512673e-02 -7.31285061e-03 -7.85454158e-03 -9.80904479e-03 -7.60773594e-03 -5.76696850e-03  3.81352194e-03  3.41873875e-03  1.88689073e-03
 1.20761520e+01 -5.12914506e-02 -3.05369102e-03 -2.40416909e-02  1.69712460e-02  2.60717508e-03 -2.36214300e-04 -1.13406696e-02 -4.14014619e-04 -3.41499839e-03  3.79929654e-03  1.09788352e-02 -7.33784470e-03 -7.85962517e-03 -9.79670736e-03 -7.55292126e-03 -5.80775633e-03  3.91299396e-03  3.34751333e-03  1.86101197e-03
 1.21282570e+01 -5.00534557e-02 -3.04208699e-03 -2.33860790e-02  1.70795474e-02  2.77546534e-03 -1.40493309e-04 -1.13266808e-02 -4.30395453e-04 -3.37888121e-03  3.95960086e-03  1.09999028e-02 -7.35752557e-03 -7.86636259e-03 -9.78855568e-03 -7.48868854e-03 -5.85050779e-03  4.00009606e-03  3.27705595e-03  1.83218192e-03
 1.21803610e+01 -4.88542331e-02 -3.02362626e-03 -2.27534745e-02  1.71806078e-02  2.94050380e-03 -4.53618173e-05 -1.13044126e-02 -4.44159920e-04 -3.34377839e-03  4.12067726e-03  1.10142754e-02 -7.37179240e-03 -7.87466526e-03 -9.78438268e-03 -7.41521632e-03 -5.89461730e-03  4.07411748e-03  3.20736773e-03  1.80056055e-03
 1.22324650e+01 -4.76925026e-02 -2.99866671e-03 -2.21425829e-02  1.72744063e-02  3.10239660e-03  4.89988650e-05 -1.12738578e-02 -4.55710760e-04 -3.31014107e-03  4.28122825e-03  1.10218006e-02 -7.38059973e-03 -7.88442736e-03 -9.78392368e-03 -7.33273119e-03 -5.93947071e-03  4.13445658e-03  3.13843599e-03  1.76632483e-03
 1.22845690e+01 -4.65670588e-02 -2.96759331e-03 -2.15521759e-02  1.73609092e-02  3.26120197e-03  1.42395421e-04 -1.12350897e-02 -4.65452275e-04 -3.27839390e-03  4.43997695e-03  1.10223695e-02 -7.38395758e-03 -7.89552499e-03 -9.78685975e-03 -7.24151251e-03 -5.98444662e-03  4.18061729e-03  3.07024121e-03  1.72967041e-03
 1.23366730e+01 -4.54767424e-02 -2.93081514e-03 -2.09810803e-02  1.74400766e-02  3.41693650e-03  2.34627280e-04 -1.11882613e-02 -4.73787849e-04 -3.24893227e-03  4.59567962e-03  1.10159177e-02 -7.38193300e-03 -7.90781614e-03 -9.79282090e-03 -7.14189083e-03 -6.02892185e-03  4.21221330e-03  3.00275741e-03  1.69081040e-03
 1.23887780e+01 -4.44204172e-02 -2.88876178e-03 -2.04281688e-02  1.75118676e-02  3.56958147e-03  3.25491032e-04 -1.11336027e-02 -4.81117140e-04 -3.22212006e-03  4.74713728e-03  1.10024265e-02 -7.37465025e-03 -7.92114108e-03 -9.80139010e-03 -7.03424483e-03 -6.07227682e-03  4.22896972e-03  2.93595291e-03  1.64997361e-03
 1.24408820e+01 -4.33970461e-02 -2.84188378e-03 -1.98924030e-02  1.75762398e-02  3.71907502e-03  4.14775963e-04 -1.10714236e-02 -4.87832517e-04 -3.19829007e-03  4.89319223e-03  1.09819245e-02 -7.36229130e-03 -7.93532159e-03 -9.81210719e-03 -6.91900844e-03 -6.11389672e-03  4.23072259e-03  2.86979760e-03  1.60740649e-03
 1.24929860e+01 -4.24055668e-02 -2.79064486e-03 -1.93727708e-02  1.76331614e-02  3.86533385e-03  5.02276779e-04 -1.10021037e-02 -4.94316825e-04 -3.17773959e-03  5.03275294e-03  1.09544861e-02 -7.34509413e-03 -7.95016309e-03 -9.82447483e-03 -6.79665671e-03 -6.15318092e-03  4.21742041e-03  2.80425761e-03  1.56336694e-03
 1.25450900e+01 -4.14449700e-02 -2.73552214e-03 -1.88683289e-02  1.76826096e-02  4.00824591e-03  5.87788658e-04 -1.09260935e-02 -5.00939735e-04 -3.16073139e-03  5.16478892e-03  1.09202323e-02 -7.32335159e-03 -7.96545431e-03 -9.83796340e-03 -6.66771180e-03 -6.18954384e-03  4.18912126e-03  2.73930284e-03  1.51812572e-03
 1.25971940e+01 -4.05142761e-02 -2.67700238e-03 -1.83781925e-02  1.77245765e-02  4.14767791e-03  6.71110869e-04 -1.08439090e-02 -5.08054842e-04 -3.14749229e-03  5.28833954e-03  1.08793295e-02 -7.29740923e-03 -7.98096860e-03 -9.85201693e-03 -6.53273853e-03 -6.22241985e-03  4.14599114e-03  2.67490805e-03  1.47196381e-03
 1.26492990e+01 -3.96125154e-02 -2.61557776e-03 -1.79015258e-02  1.77590729e-02  4.28348271e-03  7.52049967e-04 -1.07561255e-02 -5.15996842e-04 -3.13821243e-03  5.40252120e-03  1.08319879e-02 -7.26766194e-03 -7.99646525e-03 -9.86605958e-03 -6.39233878e-03 -6.25126772e-03  4.08829969e-03  2.61105407e-03  1.42516941e-03
 1.27014030e+01 -3.87387943e-02 -2.55174769e-03 -1.74375776e-02  1.77861295e-02  4.41549369e-03  8.30415129e-04 -1.06633784e-02 -5.25078036e-04 -3.13304546e-03  5.50652320e-03  1.07784628e-02 -7.23455296e-03 -8.01168974e-03 -9.87950083e-03 -6.24715924e-03 -6.27557217e-03  4.01642126e-03  2.54773487e-03  1.37803931e-03
 1.27535070e+01 -3.78921893e-02 -2.48600863e-03 -1.69856252e-02  1.78058047e-02  4.54354529e-03  9.06028821e-04 -1.05663480e-02 -5.35586506e-04 -3.13210731e-03  5.59962442e-03  1.07190482e-02 -7.19856663e-03 -8.02637696e-03 -9.89174367e-03 -6.09787175e-03 -6.29485067e-03  3.93082372e-03  2.48495236e-03  1.33087118e-03
 1.28056110e+01 -3.70718151e-02 -2.41885578e-03 -1.65450105e-02  1.78181837e-02  4.66746712e-03  9.78721728e-04 -1.04657591e-02 -5.47782982e-04 -3.13547706e-03  5.68118730e-03  1.06540772e-02 -7.16022627e-03 -8.04025166e-03 -9.90219001e-03 -5.94518024e-03 -6.30865434e-03  3.83206755e-03  2.42272313e-03  1.28396469e-03
 1.28577150e+01 -3.62768048e-02 -2.35077899e-03 -1.61151288e-02  1.78233829e-02  4.78709129e-03  1.04833540e-03 -1.03623732e-02 -5.61898658e-04 -3.14319700e-03  5.75066227e-03  1.05839188e-02 -7.12008892e-03 -8.05303053e-03 -9.91024748e-03 -5.78981414e-03 -6.31657156e-03  3.72079921e-03  2.36107884e-03  1.23761814e-03
 1.29098200e+01 -3.55062946e-02 -2.28225846e-03 -1.56954192e-02  1.78215510e-02  4.90225884e-03  1.11472446e-03 -1.02569791e-02 -5.78133449e-04 -3.15527337e-03  5.80759020e-03  1.05089734e-02 -7.07873940e-03 -8.06442428e-03 -9.91533590e-03 -5.63252109e-03 -6.31823053e-03  3.59774237e-03  2.30006637e-03  1.19212509e-03
 1.29619240e+01 -3.47594811e-02 -2.21376721e-03 -1.52853949e-02  1.78128719e-02  5.01281516e-03  1.17775238e-03 -1.01503939e-02 -5.96652890e-04 -3.17167607e-03  5.85159907e-03  1.04296751e-02 -7.03678803e-03 -8.07413871e-03 -9.91689317e-03 -5.47407469e-03 -6.31330171e-03  3.46370095e-03  2.23975342e-03  1.14777529e-03
 1.30140280e+01 -3.40355314e-02 -2.14576038e-03 -1.48845923e-02  1.77975648e-02  5.11862703e-03  1.23729994e-03 -1.00434437e-02 -6.17588505e-04 -3.19234088e-03  5.88241069e-03  1.03464799e-02 -6.99486018e-03 -8.08187812e-03 -9.91438186e-03 -5.31525180e-03 -6.30150003e-03  3.31953778e-03  2.18022204e-03  1.10484698e-03
 1.30661320e+01 -3.33336428e-02 -2.07867785e-03 -1.44926020e-02  1.77758859e-02  5.21957709e-03  1.29326072e-03 -9.93696356e-03 -6.41035405e-04 -3.21716971e-03  5.89983565e-03  1.02598672e-02 -6.95359350e-03 -8.08734643e-03 -9.90729439e-03 -5.15683985e-03 -6.28258642e-03  3.16617650e-03  2.12157357e-03  1.06360804e-03
 1.31182360e+01 -3.26530267e-02 -2.01294039e-03 -1.41090573e-02  1.77481282e-02  5.31556919e-03  1.34554301e-03 -9.83178859e-03 -6.67051723e-04 -3.24603193e-03  5.90377347e-03  1.01703347e-02 -6.91363109e-03 -8.09024955e-03 -9.89515849e-03 -4.99962908e-03 -6.25636922e-03  3.00459152e-03  2.06392717e-03  1.02431274e-03
 1.31703410e+01 -3.19928965e-02 -1.94894608e-03 -1.37336260e-02  1.77146205e-02  5.40653261e-03  1.39407128e-03 -9.72874429e-03 -6.95658664e-04 -3.27876639e-03  5.89421071e-03  1.00783925e-02 -6.87561462e-03 -8.09029745e-03 -9.87754167e-03 -4.84440465e-03 -6.22270456e-03  2.83579691e-03  2.00741817e-03  9.87198955e-04
 1.32224450e+01 -3.13525179e-02 -1.88707298e-03 -1.33660353e-02  1.76757299e-02  5.49241739e-03  1.43878301e-03 -9.62864717e-03 -7.26838077e-04 -3.31518024e-03  5.87121985e-03  9.98456573e-03 -6.84018108e-03 -8.08720631e-03 -9.85405711e-03 -4.69195361e-03 -6.18149979e-03  2.66085148e-03  1.95220133e-03  9.52488948e-04
 1.32745490e+01 -3.07311330e-02 -1.82766971e-03 -1.30060273e-02  1.76318562e-02  5.57320646e-03  1.47963474e-03 -9.53228577e-03 -7.60535911e-04 -3.35505430e-03  5.83495561e-03  9.88938018e-03 -6.80795222e-03 -8.08070064e-03 -9.82436555e-03 -4.54304202e-03 -6.13270990e-03  2.48083120e-03  1.89844286e-03  9.20383267e-04
 1.33266530e+01 -3.01280124e-02 -1.77105858e-03 -1.26533850e-02  1.75834329e-02  5.64890975e-03  1.51659867e-03 -9.44042182e-03 -7.96660568e-04 -3.39814222e-03  5.78565232e-03  9.79336470e-03 -6.77953152e-03 -8.07051523e-03 -9.78817999e-03 -4.39842198e-03 -6.07633994e-03  2.29683404e-03  1.84632307e-03  8.91062050e-04
 1.33787580e+01 -2.95424314e-02 -1.71753174e-03 -1.23079164e-02  1.75309236e-02  5.71956807e-03  1.54966459e-03 -9.35378013e-03 -8.35085014e-04 -3.44417368e-03  5.72361915e-03  9.69704352e-03 -6.75549708e-03 -8.05639682e-03 -9.74526736e-03 -4.25882107e-03 -6.01244278e-03  2.10996510e-03  1.79603207e-03  8.64682445e-04
 1.34308620e+01 -2.89737159e-02 -1.66735387e-03 -1.19694784e-02  1.74748231e-02  5.78524798e-03  1.57883772e-03 -9.27304901e-03 -8.75644920e-04 -3.49285255e-03  5.64924123e-03  9.60093947e-03 -6.73639769e-03 -8.03810717e-03 -9.69545430e-03 -4.12494816e-03 -5.94112341e-03  1.92134316e-03  1.74777124e-03  8.41379458e-04
 1.34829660e+01 -2.84211760e-02 -1.62075483e-03 -1.16379350e-02  1.74156487e-02  5.84604978e-03  1.60414286e-03 -9.19886462e-03 -9.18144539e-04 -3.54386404e-03  5.56296827e-03  9.50555885e-03 -6.72274459e-03 -8.01542323e-03 -9.63862400e-03 -3.99747249e-03 -5.86253051e-03  1.73207139e-03  1.70174460e-03  8.21262058e-04
 1.35350700e+01 -2.78841520e-02 -1.57793296e-03 -1.13131819e-02  1.73539407e-02  5.90210131e-03  1.62562197e-03 -9.13181248e-03 -9.62355509e-04 -3.59687302e-03  5.46531462e-03  9.41139491e-03 -6.71500822e-03 -7.98813982e-03 -9.57472067e-03 -3.87702995e-03 -5.77685972e-03  1.54324410e-03  1.65815982e-03  8.04414691e-04
 1.35871740e+01 -2.73620048e-02 -1.53905339e-03 -1.09951375e-02  1.72902578e-02  5.95355833e-03  1.64333506e-03 -9.07242109e-03 -1.00801955e-03 -3.65152674e-03  5.35685341e-03  9.31892228e-03 -6.71361289e-03 -7.95607095e-03 -9.50374944e-03 -3.76421579e-03 -5.68435080e-03  1.35593600e-03  1.61722402e-03  7.90896451e-04
 1.36392790e+01 -2.68541071e-02 -1.50424705e-03 -1.06837354e-02  1.72251717e-02  6.00060390e-03  1.65736054e-03 -9.02115682e-03 -1.05485158e-03 -3.70745780e-03  5.23820911e-03  9.22859171e-03 -6.71893244e-03 -7.91905053e-03 -9.42577507e-03 -3.65957843e-03 -5.58528357e-03  1.17119168e-03  1.57913983e-03  7.80740926e-04
 1.36913830e+01 -2.63598834e-02 -1.47361312e-03 -1.03789463e-02  1.71592678e-02  6.04344311e-03  1.66779439e-03 -8.97842411e-03 -1.10253851e-03 -3.76428174e-03  5.11006164e-03  9.14083374e-03 -6.73128564e-03 -7.87693656e-03 -9.34092779e-03 -3.56362319e-03 -5.47998326e-03  9.90033143e-04  1.54410484e-03  7.73957196e-04
 1.37434870e+01 -2.58787533e-02 -1.44721522e-03 -1.00807402e-02  1.70931338e-02  6.08230636e-03  1.67475176e-03 -8.94455651e-03 -1.15074726e-03 -3.82160537e-03  4.97312728e-03  9.05604521e-03 -6.75093312e-03 -7.82960801e-03 -9.24939354e-03 -3.47679641e-03 -5.36880648e-03  8.13432272e-04  1.51230386e-03  7.70529253e-04
 1.37955910e+01 -2.54101714e-02 -1.42508451e-03 -9.78910905e-03  1.70273592e-02  6.11744329e-03  1.67836580e-03 -8.91981838e-03 -1.19912392e-03 -3.87902441e-03  4.82816210e-03  8.97459351e-03 -6.77807395e-03 -7.77696853e-03 -9.15141874e-03 -3.39948995e-03 -5.25214582e-03  6.42319254e-04  1.48390844e-03  7.70417697e-04
 1.38476950e+01 -2.49536188e-02 -1.40721976e-03 -9.50405909e-03  1.69625302e-02  6.14912112e-03  1.67878791e-03 -8.90440191e-03 -1.24729748e-03 -3.93612650e-03  4.67595410e-03  8.89681236e-03 -6.81284287e-03 -7.71894660e-03 -9.04730720e-03 -3.33203581e-03 -5.13042485e-03  4.77573596e-04  1.45907290e-03  7.73560646e-04
 1.38998000e+01 -2.45085959e-02 -1.39358795e-03 -9.22560408e-03  1.68992231e-02  6.17762240e-03  1.67618749e-03 -8.89842595e-03 -1.29488379e-03 -3.99249414e-03  4.51731449e-03  8.82299834e-03 -6.85530906e-03 -7.65549491e-03 -8.93741605e-03 -3.27470205e-03 -5.00409241e-03  3.20016226e-04  1.43793067e-03  7.79875267e-04
 1.39519040e+01 -2.40746571e-02 -1.38412647e-03 -8.95378511e-03  1.68380048e-02  6.20323987e-03  1.67075196e-03 -8.90193556e-03 -1.34148487e-03 -4.04770239e-03  4.35308428e-03  8.75341457e-03 -6.90547094e-03 -7.58659578e-03 -8.82216203e-03 -3.22769425e-03 -4.87362885e-03  1.70416957e-04  1.42059293e-03  7.89258853e-04
 1.40040080e+01 -2.36513605e-02 -1.37874292e-03 -8.68863717e-03  1.67794202e-02  6.22627680e-03  1.66268609e-03 -8.91490127e-03 -1.38669754e-03 -4.10132727e-03  4.18411026e-03  8.68828075e-03 -6.96325991e-03 -7.51225411e-03 -8.70200618e-03 -3.19114655e-03 -4.73952788e-03  2.94723234e-05  1.40714328e-03  8.01591396e-04
 1.40561120e+01 -2.32383028e-02 -1.37731790e-03 -8.43020932e-03  1.67239930e-02  6.24704159e-03  1.65221178e-03 -8.93722024e-03 -1.43011281e-03 -4.15294339e-03  4.01125147e-03  8.62777771e-03 -7.02853656e-03 -7.43250232e-03 -8.57745931e-03 -3.16512420e-03 -4.60230247e-03 -1.02185690e-04  1.39763696e-03  8.16737187e-04
 1.41082160e+01 -2.28351110e-02 -1.37970650e-03 -8.17855791e-03  1.66722193e-02  6.26584527e-03  1.63956745e-03 -8.96871706e-03 -1.47131992e-03 -4.20212704e-03  3.83537062e-03  8.57204509e-03 -7.10109129e-03 -7.34739910e-03 -8.44907688e-03 -3.14962068e-03 -4.46247865e-03 -2.23995758e-04  1.39209815e-03  8.34547108e-04
 1.41603210e+01 -2.24414353e-02 -1.38574049e-03 -7.93374061e-03  1.66245627e-02  6.28299877e-03  1.62500715e-03 -9.00914620e-03 -1.50991008e-03 -4.24845907e-03  3.65732516e-03  8.52117986e-03 -7.18064628e-03 -7.25702738e-03 -8.31745304e-03 -3.14455651e-03 -4.32058895e-03 -3.35471765e-04  1.39051808e-03  8.54861378e-04
 1.42124250e+01 -2.20569792e-02 -1.39522998e-03 -7.69583370e-03  1.65814534e-02  6.29880863e-03  1.60880093e-03 -9.05819080e-03 -1.54547656e-03 -4.29152341e-03  3.47797572e-03  8.47523988e-03 -7.26685021e-03 -7.16150101e-03 -8.18322731e-03 -3.14977857e-03 -4.17717947e-03 -4.36196461e-04  1.39285352e-03  8.77510393e-04
 1.42645290e+01 -2.16814532e-02 -1.40796653e-03 -7.46490244e-03  1.65432788e-02  6.31357607e-03  1.59123235e-03 -9.11546984e-03 -1.57762208e-03 -4.33091448e-03  3.29816036e-03  8.43423811e-03 -7.35928886e-03 -7.06095379e-03 -8.04706572e-03 -3.16505909e-03 -4.03278974e-03 -5.25835817e-04  1.39902541e-03  9.02319590e-04
 1.43166330e+01 -2.13146057e-02 -1.42372521e-03 -7.24101854e-03  1.65103835e-02  6.32759295e-03  1.57259851e-03 -9.18053821e-03 -1.60595861e-03 -4.36623571e-03  3.11870323e-03  8.39814697e-03 -7.45748107e-03 -6.95554567e-03 -7.90966696e-03 -3.19009631e-03 -3.88795983e-03 -6.04131269e-04  1.40891839e-03  9.29110497e-04
 1.43687370e+01 -2.09562136e-02 -1.44226732e-03 -7.02425387e-03  1.64830645e-02  6.34113954e-03  1.55320869e-03 -9.25289077e-03 -1.63011086e-03 -4.39710255e-03  2.94040644e-03  8.36689790e-03 -7.56088275e-03 -6.84546021e-03 -7.77175594e-03 -3.22451476e-03 -3.74322395e-03 -6.70902479e-04  1.42238033e-03  9.57703687e-04
 1.44208420e+01 -2.06060748e-02 -1.46334359e-03 -6.81467486e-03  1.64615681e-02  6.35448236e-03  1.53338273e-03 -9.33196768e-03 -1.64971918e-03 -4.42314510e-03  2.76404212e-03  8.34038178e-03 -7.66889184e-03 -6.73090141e-03 -7.63407704e-03 -3.26786714e-03 -3.59910422e-03 -7.26048308e-04  1.43922283e-03  9.87921928e-04
 1.44729460e+01 -2.02640338e-02 -1.48669532e-03 -6.61235680e-03  1.64460886e-02  6.36787110e-03  1.51345120e-03 -9.41715231e-03 -1.66444063e-03 -4.44400839e-03  2.59036170e-03  8.31845198e-03 -7.78084349e-03 -6.61210160e-03 -7.49740043e-03 -3.31963228e-03 -3.45611826e-03 -7.69542373e-04  1.45922038e-03  1.01959035e-03
 1.45250500e+01 -1.99299394e-02 -1.51205968e-03 -6.41735788e-03  1.64367630e-02  6.38153819e-03  1.49375154e-03 -9.50778475e-03 -1.67395354e-03 -4.45935762e-03  2.42007150e-03  8.30092265e-03 -7.89602630e-03 -6.48930707e-03 -7.36250190e-03 -3.37922208e-03 -3.31475941e-03 -8.01438490e-04  1.48211336e-03  1.05254238e-03
 1.45771540e+01 -1.96036699e-02 -1.53917113e-03 -6.22973351e-03  1.64336708e-02  6.39569620e-03  1.47462799e-03 -9.60316051e-03 -1.67795805e-03 -4.46887827e-03  2.25384273e-03  8.28757238e-03 -8.01367851e-03 -6.36278561e-03 -7.23016901e-03 -3.44598078e-03 -3.17550480e-03 -8.21864857e-04  1.50760819e-03  1.08661974e-03
 1.46292590e+01 -1.92851181e-02 -1.56776527e-03 -6.04952692e-03  1.64368323e-02  6.41053695e-03  1.45642903e-03 -9.70253884e-03 -1.67617843e-03 -4.47227891e-03  2.09230156e-03  8.27814520e-03 -8.13299705e-03 -6.23282057e-03 -7.10119146e-03 -3.51919016e-03 -3.03880716e-03 -8.31023508e-04  1.53538005e-03  1.12167594e-03
 1.46813630e+01 -1.89742130e-02 -1.59757962e-03 -5.87678073e-03  1.64462064e-02  6.42622934e-03  1.43950689e-03 -9.80514012e-03 -1.66836514e-03 -4.46929333e-03  1.93603840e-03  8.27235316e-03 -8.25313352e-03 -6.09971961e-03 -6.97636634e-03 -3.59806723e-03 -2.90510267e-03 -8.29187612e-04  1.56507301e-03  1.15757555e-03
 1.47334670e+01 -1.86708806e-02 -1.62835984e-03 -5.71151410e-03  1.64616906e-02  6.44292018e-03  1.42421337e-03 -9.91016262e-03 -1.65429629e-03 -4.45968315e-03  1.78558658e-03  8.26987728e-03 -8.37321349e-03 -5.96379841e-03 -6.85647850e-03 -3.68177668e-03 -2.77479290e-03 -8.16699911e-04  1.59630594e-03  1.19420015e-03
 1.47855710e+01 -1.83750659e-02 -1.65986051e-03 -5.55373440e-03  1.64831203e-02  6.46073260e-03  1.41089909e-03 -1.00167803e-02 -1.63377908e-03 -4.44323965e-03  1.64143250e-03  8.27037054e-03 -8.49233320e-03 -5.82538929e-03 -6.74230575e-03 -3.76942992e-03 -2.64825326e-03 -7.93968806e-04  1.62867348e-03  1.23144726e-03
 1.48376750e+01 -1.80867233e-02 -1.69184848e-03 -5.40343151e-03  1.65102689e-02  6.47976605e-03  1.39991080e-03 -1.01241501e-02 -1.60665116e-03 -4.41978614e-03  1.50401044e-03  8.27345998e-03 -8.60956810e-03 -5.68483744e-03 -6.63461134e-03 -3.86009142e-03 -2.52582849e-03 -7.61465278e-04  1.66175003e-03  1.26923249e-03
 1.48897800e+01 -1.78058080e-02 -1.72410629e-03 -5.26057275e-03  1.65428490e-02  6.50009671e-03  1.39158887e-03 -1.02314200e-02 -1.57278098e-03 -4.38917937e-03  1.37369856e-03  8.27874923e-03 -8.72398152e-03 -5.54249691e-03 -6.53413714e-03 -3.95278610e-03 -2.40782887e-03 -7.19718300e-04  1.69509418e-03  1.30749142e-03
 1.49418840e+01 -1.75322950e-02 -1.75643236e-03 -5.12511140e-03  1.65805109e-02  6.52177622e-03  1.38626527e-03 -1.03377258e-02 -1.53207150e-03 -4.35131416e-03  1.25082749e-03  8.28582065e-03 -8.83462269e-03 -5.39874038e-03 -6.44160602e-03 -4.04649823e-03 -2.29453784e-03 -6.69314203e-04  1.72825029e-03  1.34617766e-03
 1.49939880e+01 -1.72661426e-02 -1.78864727e-03 -4.99696795e-03  1.66228479e-02  6.54483449e-03  1.38426002e-03 -1.04422097e-02 -1.48445700e-03 -4.30612180e-03  1.13566445e-03  8.29423855e-03 -8.94054704e-03 -5.25394160e-03 -6.35770501e-03 -4.14018875e-03 -2.18619727e-03 -6.10887526e-04  1.76075671e-03  1.38526796e-03
 1.50460920e+01 -1.70073111e-02 -1.82059367e-03 -4.87603889e-03  1.66693957e-02  6.56927897e-03  1.38587911e-03 -1.05440174e-02 -1.42990615e-03 -4.25357417e-03  1.02842299e-03  8.30355152e-03 -9.04081454e-03 -5.10848526e-03 -6.28308778e-03 -4.23279522e-03 -2.08301574e-03 -5.45119474e-04  1.79214793e-03  1.42475968e-03
 1.50981960e+01 -1.67557541e-02 -1.85213915e-03 -4.76219167e-03  1.67196358e-02  6.59509598e-03  1.39141147e-03 -1.06423059e-02 -1.36842190e-03 -4.19368496e-03  9.29260261e-04  8.31329538e-03 -9.13449941e-03 -4.96276325e-03 -6.21836714e-03 -4.32324117e-03 -1.98516555e-03 -4.72732371e-04  1.82196005e-03  1.46467173e-03
 1.51503010e+01 -1.65114106e-02 -1.88317889e-03 -4.65526064e-03  1.67729994e-02  6.62225239e-03  1.40112634e-03 -1.07362510e-02 -1.30004027e-03 -4.12650992e-03  8.38275748e-04  8.32299623e-03 -9.22069926e-03 -4.81717110e-03 -6.16410852e-03 -4.41044577e-03 -1.89278053e-03 -3.94483068e-04  1.84973643e-03  1.50504522e-03
 1.52024050e+01 -1.62742205e-02 -1.91363516e-03 -4.55505308e-03  1.68288667e-02  6.65069484e-03  1.41526946e-03 -1.08250455e-02 -1.22483591e-03 -4.05215354e-03  7.55518757e-04  8.33217263e-03 -9.29853634e-03 -4.67211832e-03 -6.12082829e-03 -4.49332563e-03 -1.80596268e-03 -3.11163833e-04  1.87503074e-03  1.54593999e-03
 1.52545090e+01 -1.60440933e-02 -1.94346247e-03 -4.46133511e-03  1.68865775e-02  6.68035437e-03  1.43406121e-03 -1.09079155e-02 -1.14291412e-03 -3.97076259e-03  6.80979060e-04  8.34033988e-03 -9.36717524e-03 -4.52801105e-03 -6.08898166e-03 -4.57081377e-03 -1.72477142e-03 -2.23587945e-04  1.89741557e-03  1.58743861e-03
 1.53066130e+01 -1.58209246e-02 -1.97264657e-03 -4.37383836e-03  1.69454309e-02  6.71114593e-03  1.45769295e-03 -1.09841188e-02 -1.05441578e-03 -3.88253204e-03  6.14595509e-04  8.34701229e-03 -9.42582396e-03 -4.38526272e-03 -6.06896132e-03 -4.64186203e-03 -1.64923077e-03 -1.32590114e-04  1.91648563e-03  1.62964236e-03
 1.53587170e+01 -1.56045885e-02 -2.00120615e-03 -4.29225653e-03  1.70046922e-02  6.74297064e-03  1.48632420e-03 -1.10529513e-02 -9.59515728e-04 -3.78770464e-03  5.56256074e-04  8.35170666e-03 -9.47374343e-03 -4.24429087e-03 -6.06109043e-03 -4.70545236e-03 -1.57932758e-03 -3.90194568e-05  1.93186369e-03  1.67267081e-03
 1.54108220e+01 -1.53949316e-02 -2.02919416e-03 -4.21624284e-03  1.70635988e-02  6.77571817e-03  1.52008035e-03 -1.11137540e-02 -8.58420303e-04 -3.68656936e-03  5.05799164e-04  8.35394553e-03 -9.51025582e-03 -4.10551420e-03 -6.06561695e-03 -4.76060762e-03 -1.51501060e-03  5.62679577e-05  1.94320624e-03  1.71666120e-03
 1.54629260e+01 -1.51917870e-02 -2.05669618e-03 -4.14541495e-03  1.71213620e-02  6.80926611e-03  1.55904721e-03 -1.11659126e-02 -7.51374555e-04 -3.57946937e-03  4.63019912e-04  8.35326048e-03 -9.53474962e-03 -3.96936299e-03 -6.08270736e-03 -4.80639749e-03 -1.45619557e-03  1.52407376e-04  1.95020794e-03  1.76176331e-03
 1.55150300e+01 -1.49949486e-02 -2.08383375e-03 -4.07934576e-03  1.71771799e-02  6.84348559e-03  1.60327208e-03 -1.12088701e-02 -6.38649835e-04 -3.46679022e-03  4.27667269e-04  8.34919585e-03 -9.54669129e-03 -3.83626302e-03 -6.11244139e-03 -4.84195506e-03 -1.40275816e-03  2.48541942e-04  1.95260826e-03  1.80814251e-03
 1.55671340e+01 -1.48041863e-02 -2.11076206e-03 -4.01756927e-03  1.72302398e-02  6.87824072e-03  1.65275876e-03 -1.12421256e-02 -5.20550532e-04 -3.34896691e-03  3.99451222e-04  8.34131202e-03 -9.54562947e-03 -3.70664620e-03 -6.15480644e-03 -4.86648266e-03 -1.35453945e-03  3.43820891e-04  1.95019552e-03  1.85597416e-03
 1.56192380e+01 -1.46192410e-02 -2.13766987e-03 -3.95957936e-03  1.72797263e-02  6.91339111e-03  1.70746579e-03 -1.12652406e-02 -3.97411150e-04 -3.22648107e-03  3.78045240e-04  8.32918919e-03 -9.53120274e-03 -3.58094782e-03 -6.20969219e-03 -4.87926318e-03 -1.31134508e-03  4.37406746e-04  1.94281204e-03  1.90544185e-03
 1.56713430e+01 -1.44398213e-02 -2.16477906e-03 -3.90482948e-03  1.73248298e-02  6.94879447e-03  1.76730555e-03 -1.12778429e-02 -2.69592633e-04 -3.09985705e-03  3.63089780e-04  8.31243062e-03 -9.50314545e-03 -3.45960428e-03 -6.27688705e-03 -4.87967005e-03 -1.27294507e-03  5.28482242e-04  1.93035840e-03  1.95673565e-03
 1.57234470e+01 -1.42656169e-02 -2.19234119e-03 -3.85273796e-03  1.73647505e-02  6.98430576e-03  1.83213789e-03 -1.12796296e-02 -1.37490959e-04 -2.96966997e-03  3.54197268e-04  8.29066788e-03 -9.46129630e-03 -3.34306217e-03 -6.35606803e-03 -4.86717737e-03 -1.23907731e-03  6.16248365e-04  1.91279881e-03  2.01004501e-03
 1.57755510e+01 -1.40962791e-02 -2.22063875e-03 -3.80268337e-03  1.73987118e-02  7.01978311e-03  1.90177559e-03 -1.12703721e-02 -1.52096048e-06 -2.83652882e-03  3.50954515e-04  8.26356275e-03 -9.40560067e-03 -3.23176412e-03 -6.44680443e-03 -4.84136944e-03 -1.20944378e-03  6.99939595e-04  1.89016349e-03  2.06556138e-03
 1.58276550e+01 -1.39314355e-02 -2.24998087e-03 -3.75401079e-03  1.74259647e-02  7.05508697e-03  1.97597906e-03 -1.12499178e-02  1.37875531e-04 -2.70108328e-03  3.52928257e-04  8.23081230e-03 -9.33611744e-03 -3.12615787e-03 -6.54854926e-03 -4.80194955e-03 -1.18371437e-03  7.78821260e-04  1.86255303e-03  2.12347063e-03
 1.58797600e+01 -1.37706853e-02 -2.28070172e-03 -3.70603245e-03  1.74457973e-02  7.09008314e-03  2.05445855e-03 -1.12181930e-02  2.80236585e-04 -2.56401550e-03  3.59669324e-04  8.19215179e-03 -9.25302112e-03 -3.02669148e-03 -6.66063982e-03 -4.74874739e-03 -1.16152657e-03  8.52196727e-04  1.83014046e-03  2.18395138e-03
 1.59318640e+01 -1.36136134e-02 -2.31315497e-03 -3.65803439e-03  1.74575416e-02  7.12464188e-03  2.13686826e-03 -1.11752069e-02  4.25071070e-04 -2.42604680e-03  3.70716427e-04  8.14736168e-03 -9.15661190e-03 -2.93382003e-03 -6.78228685e-03 -4.68173113e-03 -1.14248824e-03  9.19405530e-04  1.79317618e-03  2.24716612e-03
 1.59839680e+01 -1.34597745e-02 -2.34771370e-03 -3.60927450e-03  1.74605839e-02  7.15864358e-03  2.22281630e-03 -1.11210510e-02  5.71877102e-04 -2.28791757e-03  3.85601300e-04  8.09626718e-03 -9.04730857e-03 -2.84799300e-03 -6.91258633e-03 -4.60100801e-03 -1.12617632e-03  9.79835057e-04  1.75198602e-03  2.31326375e-03
 1.60360720e+01 -1.33087086e-02 -2.38476398e-03 -3.55899016e-03  1.74543713e-02  7.19197773e-03  2.31186026e-03 -1.10559016e-02  7.20133369e-04 -2.15039290e-03  4.03852550e-04  8.03874502e-03 -8.92565612e-03 -2.76966047e-03 -7.05051106e-03 -4.50683392e-03 -1.11214021e-03  1.03291753e-03  1.70697464e-03  2.38237035e-03
 1.60881760e+01 -1.31599407e-02 -2.42470093e-03 -3.50640180e-03  1.74384195e-02  7.22454514e-03  2.40351104e-03 -1.09800205e-02  8.69304228e-04 -2.01425466e-03  4.24999860e-04  7.97472656e-03 -8.79232460e-03 -2.69926905e-03 -7.19491399e-03 -4.39961692e-03 -1.09990316e-03  1.07813367e-03  1.65862529e-03  2.45458535e-03
 1.61402810e+01 -1.30129818e-02 -2.46792461e-03 -3.45071672e-03  1.74123201e-02  7.25626012e-03  2.49723780e-03 -1.08937536e-02  1.01884515e-03 -1.88029295e-03  4.48578373e-04  7.90420019e-03 -8.64810534e-03 -2.63725826e-03 -7.34453374e-03 -4.27991785e-03 -1.08896444e-03  1.11501503e-03  1.60749825e-03  2.52997788e-03
 1.61923850e+01 -1.28673438e-02 -2.51483127e-03 -3.39113872e-03  1.73757495e-02  7.28704953e-03  2.59246471e-03 -1.07975367e-02  1.16819401e-03 -1.74931004e-03  4.74130456e-04  7.82722038e-03 -8.49391996e-03 -2.58406185e-03 -7.49798720e-03 -4.14846127e-03 -1.07880298e-03  1.14314233e-03  1.55423337e-03  2.60857554e-03
 1.62444890e+01 -1.27225266e-02 -2.56581254e-03 -3.32686755e-03  1.73284726e-02  7.31685793e-03  2.68858653e-03 -1.06918850e-02  1.31679134e-03 -1.62209794e-03  5.01211693e-04  7.74390297e-03 -8.33079997e-03 -2.54009680e-03 -7.65379268e-03 -4.00612123e-03 -1.06887942e-03  1.16215032e-03  1.49954176e-03  2.69036755e-03
 1.62965930e+01 -1.25780333e-02 -2.62124611e-03 -3.25710924e-03  1.72703502e-02  7.34564654e-03  2.78496715e-03 -1.05773972e-02  1.46407205e-03 -1.49944146e-03  5.29391955e-04  7.65443351e-03 -8.15989230e-03 -2.50576363e-03 -7.81036623e-03 -3.85392797e-03 -1.05864103e-03  1.17172461e-03  1.44420630e-03  2.77529333e-03
 1.63486970e+01 -1.24333717e-02 -2.68149010e-03 -3.18108168e-03  1.72013436e-02  7.37339516e-03  2.88094782e-03 -1.04547515e-02  1.60947185e-03 -1.38210779e-03  5.58258189e-04  7.55906872e-03 -7.98244966e-03 -2.48143974e-03 -7.96603422e-03 -3.69306131e-03 -1.04752622e-03  1.17160178e-03  1.38907613e-03  2.86323822e-03
 1.64008020e+01 -1.22880554e-02 -2.74687776e-03 -3.09801987e-03  1.71215177e-02  7.40010403e-03  2.97585616e-03 -1.03246991e-02  1.75243369e-03 -1.27083630e-03  5.87416798e-04  7.45813686e-03 -7.79981814e-03 -2.46747306e-03 -8.11904808e-03 -3.52484069e-03 -1.03496979e-03  1.16156786e-03  1.33506002e-03  2.95402944e-03
 1.64529060e+01 -1.21416188e-02 -2.81770554e-03 -3.00718976e-03  1.70310502e-02  7.42579292e-03  3.06900678e-03 -1.01880706e-02  1.89240092e-03 -1.16633847e-03  6.16492616e-04  7.35204740e-03 -7.61344072e-03 -2.46417598e-03 -8.26758671e-03 -3.35072907e-03 -1.02041033e-03  1.14145748e-03  1.28312369e-03  3.04742341e-03
 1.65050100e+01 -1.19936046e-02 -2.89423378e-03 -2.90788632e-03  1.69302251e-02  7.45050527e-03  3.15972065e-03 -1.00457554e-02  2.02883819e-03 -1.06927638e-03  6.45132869e-04  7.24128068e-03 -7.42482361e-03 -2.47181590e-03 -8.40979061e-03 -3.17230187e-03 -1.00329614e-03  1.11115040e-03  1.23427554e-03  3.14311077e-03
 1.65571140e+01 -1.18435780e-02 -2.97667497e-03 -2.79944773e-03  1.68194395e-02  7.47430699e-03  3.24732662e-03 -9.89870530e-03  2.16122517e-03 -9.80262372e-04  6.73004875e-04  7.12639614e-03 -7.23553567e-03 -2.49060805e-03 -8.54376890e-03 -2.99124542e-03 -9.83094429e-04  1.07056936e-03  1.18956157e-03  3.24070422e-03
 1.66092180e+01 -1.16911279e-02 -3.06518826e-03 -2.68126209e-03  1.66992029e-02  7.49728758e-03  3.33117225e-03 -9.74792539e-03  2.28906443e-03 -8.99847889e-04  6.99795871e-04  7.00803031e-03 -7.04718836e-03 -2.52070586e-03 -8.66762363e-03 -2.80933680e-03 -9.59300440e-04  1.01967696e-03  1.15005385e-03  3.33973563e-03
 1.66613230e+01 -1.15358660e-02 -3.15987492e-03 -2.55277332e-03  1.65701328e-02  7.51956088e-03  3.41063435e-03 -9.59446276e-03  2.41188933e-03 -8.28513096e-04  7.25212111e-04  6.88689343e-03 -6.86141375e-03 -2.56219216e-03 -8.77947549e-03 -2.62842051e-03 -9.31447188e-04  9.58471020e-04  1.11683823e-03  3.43965380e-03
 1.67134270e+01 -1.13774425e-02 -3.26076493e-03 -2.41350000e-03  1.64329630e-02  7.54126325e-03  3.48512166e-03 -9.43940961e-03  2.52926066e-03 -7.66663193e-04  7.48974940e-04  6.76377687e-03 -6.67985825e-03 -2.61506545e-03 -8.87748172e-03 -2.45039984e-03 -8.99119030e-04  8.86986075e-04  1.09100385e-03  3.53981355e-03
 1.67655310e+01 -1.12155300e-02 -3.36782252e-03 -2.26302944e-03  1.62885250e-02  7.56255552e-03  3.55409230e-03 -9.28387570e-03  2.64078721e-03 -7.14611353e-04  7.70821177e-04  6.63953611e-03 -6.50413880e-03 -2.67923431e-03 -8.95987740e-03 -2.27719067e-03 -8.61960766e-04  8.05282946e-04  1.07362521e-03  3.63948504e-03
 1.68176350e+01 -1.10498375e-02 -3.48093424e-03 -2.10103635e-03  1.61377521e-02  7.58362002e-03  3.61705494e-03 -9.12898942e-03  2.74612325e-03 -6.72575804e-04  7.90498115e-04  6.51509585e-03 -6.33583316e-03 -2.75450377e-03 -9.02499732e-03 -2.11070750e-03 -8.19692886e-04  7.13450032e-04  1.06574975e-03  3.73784512e-03
 1.68697390e+01 -1.08801093e-02 -3.59990699e-03 -1.92728960e-03  1.59816715e-02  7.60465901e-03  3.67357663e-03 -8.97588329e-03  2.84497832e-03 -6.40670175e-04  8.07760651e-04  6.39144229e-03 -6.17645063e-03 -2.84056573e-03 -9.07131068e-03 -1.95282965e-03 -7.72125052e-04  6.11599424e-04  1.06838107e-03  3.83397980e-03
 1.69218440e+01 -1.07061233e-02 -3.72446779e-03 -1.74165748e-03  1.58213923e-02  7.62589212e-03  3.72328855e-03 -8.82567877e-03  2.93712700e-03 -6.18895439e-04  8.22367990e-04  6.26961397e-03 -6.02740231e-03 -2.93699101e-03 -9.09745565e-03 -1.80536587e-03 -7.19169642e-04  4.99862441e-04  1.08246238e-03  3.92688839e-03
 1.69739480e+01 -1.05277059e-02 -3.85425272e-03 -1.54413105e-03  1.56581093e-02  7.64755071e-03  3.76588535e-03 -8.67948460e-03  3.02241045e-03 -6.07134245e-04  8.34079017e-04  6.15070293e-03 -5.88998428e-03 -3.04321268e-03 -9.10227316e-03 -1.67003089e-03 -6.60860991e-04  3.78396963e-04  1.10885768e-03  4.01548078e-03
 1.70260520e+01 -1.03447128e-02 -3.98882145e-03 -1.33481119e-03  1.54930731e-02  7.66987504e-03  3.80113206e-03 -8.53836560e-03  3.10075613e-03 -6.05141955e-04  8.42650670e-04  6.03583082e-03 -5.76533161e-03 -3.15852933e-03 -9.08484620e-03 -1.54839213e-03 -5.97364596e-04  2.47374158e-04  1.14833533e-03  4.09859500e-03
 1.70781560e+01 -1.01570444e-02 -4.12764965e-03 -1.11393054e-03  1.53275896e-02  7.69310596e-03  3.82885903e-03 -8.40333982e-03  3.17218023e-03 -6.12542838e-04  8.47833933e-04  5.92614696e-03 -5.65440111e-03 -3.28209146e-03 -9.04453396e-03 -1.44184377e-03 -5.28996357e-04  1.06987722e-04  1.20154900e-03  4.17499942e-03
 1.71302610e+01 -9.96463941e-03 -4.27013785e-03 -8.81852602e-04  1.51630001e-02  7.71747751e-03  3.84895983e-03 -8.27535810e-03  3.23680077e-03 -6.28825170e-04  8.49372121e-04  5.82281108e-03 -5.55793783e-03 -3.41290140e-03 -8.98100739e-03 -1.35156397e-03 -4.56235138e-04 -4.25487963e-05  1.26902110e-03  4.24340818e-03
 1.71823650e+01 -9.76749208e-03 -4.41560636e-03 -6.39095618e-04  1.50006768e-02  7.74320501e-03  3.86138405e-03 -8.15529823e-03  3.29484338e-03 -6.53336017e-04  8.46999955e-04  5.72698636e-03 -5.47645436e-03 -3.54980109e-03 -8.89428977e-03 -1.27848293e-03 -3.79742752e-04 -2.00986293e-04  1.35111954e-03  4.30249169e-03
 1.72344690e+01 -9.56563164e-03 -4.56331990e-03 -3.86310296e-04  1.48419863e-02  7.77047601e-03  3.86613148e-03 -8.04393412e-03  3.34665972e-03 -6.85280402e-04  8.40444402e-04  5.63981116e-03 -5.41019341e-03 -3.69148782e-03 -8.78478297e-03 -1.22323426e-03 -3.00368864e-04 -3.68051383e-04  1.44804843e-03  4.35090364e-03
 1.72865730e+01 -9.35913944e-03 -4.71248736e-03 -1.24299796e-04  1.46882815e-02  7.79943452e-03  3.86324010e-03 -7.94192938e-03  3.39273361e-03 -7.23718639e-04  8.29427072e-04  5.56238892e-03 -5.35911150e-03 -3.83650809e-03 -8.65330286e-03 -1.18612505e-03 -2.19168406e-04 -5.43427040e-04  1.55982716e-03  4.38729844e-03
 1.73386770e+01 -9.14814813e-03 -4.86227777e-03  1.45984728e-04  1.45408755e-02  7.83016562e-03  3.85277450e-03 -7.84981814e-03  3.43369380e-03 -7.67566207e-04  8.13669260e-04  5.49576647e-03 -5.32285625e-03 -3.98326734e-03 -8.50110592e-03 -1.16709832e-03 -1.37410337e-04 -7.26745069e-04  1.68627709e-03  4.41035930e-03
 1.73907820e+01 -8.93284068e-03 -5.01183911e-03  4.23452773e-04  1.44010134e-02  7.86267810e-03  3.83481204e-03 -7.76798668e-03  3.47032607e-03 -8.15595617e-04  7.92899327e-04  5.44091172e-03 -5.30074954e-03 -4.13004381e-03 -8.32990897e-03 -1.16569996e-03 -5.65840045e-05 -9.17577178e-04  1.82701175e-03  4.41882910e-03
 1.74428860e+01 -8.71347054e-03 -5.16030548e-03  7.06860128e-04  1.42698543e-02  7.89688195e-03  3.80943049e-03 -7.69666249e-03  3.50358175e-03 -8.66434880e-04  7.66865568e-04  5.39869503e-03 -5.29177754e-03 -4.27499235e-03 -8.14192067e-03 -1.18104831e-03  2.15893659e-05 -1.11540508e-03  1.98141559e-03  4.41154505e-03
 1.74949900e+01 -8.49034063e-03 -5.30683577e-03  9.94852564e-04  1.41484235e-02  7.93257028e-03  3.77669227e-03 -7.63588782e-03  3.53459277e-03 -9.18576659e-04  7.35348874e-04  5.36985888e-03 -5.29458328e-03 -4.41618073e-03 -7.93983339e-03 -1.21180778e-03  9.51637661e-05 -1.31962496e-03  2.14865280e-03  4.38747891e-03
 1.75470940e+01 -8.26382360e-03 -5.45062618e-03  1.28596181e-03  1.40375873e-02  7.96939325e-03  3.73663343e-03 -7.58550904e-03  3.56467900e-03 -9.70379576e-04  6.98183649e-04  5.35499735e-03 -5.30747115e-03 -4.55160187e-03 -7.72684053e-03 -1.25616755e-03  1.61963272e-04 -1.52951304e-03  2.32765277e-03  4.34577941e-03
 1.75991980e+01 -8.03436117e-03 -5.59093966e-03  1.57863439e-03  1.39380111e-02  8.00683378e-03  3.68925377e-03 -7.54515806e-03  3.59535828e-03 -1.02007537e-03  6.55281806e-04  5.35452922e-03 -5.32841766e-03 -4.67920467e-03 -7.50662968e-03 -1.31182495e-03  2.19588477e-04 -1.74420698e-03  2.51711245e-03  4.28582005e-03
 1.76513030e+01 -7.80246235e-03 -5.72713730e-03  1.87126810e-03  1.38501138e-02  8.04418221e-03  3.63451021e-03 -7.51423499e-03  3.62835513e-03 -1.06577733e-03  6.06661568e-04  5.36867219e-03 -5.35509341e-03 -4.79692823e-03 -7.28336565e-03 -1.37597638e-03  2.65426141e-04 -1.96268586e-03  2.71550438e-03  4.20724866e-03
 1.77034070e+01 -7.56872263e-03 -5.85869865e-03  2.16222893e-03  1.37740258e-02  8.08050687e-03  3.57232126e-03 -7.49189375e-03  3.66560476e-03 -1.10548562e-03  5.52487059e-04  5.39741517e-03 -5.38489356e-03 -4.90272915e-03 -7.06168508e-03 -1.44530835e-03  2.96659074e-04 -2.18372727e-03  2.92107029e-03  4.11004866e-03
 1.77555110e+01 -7.33379652e-03 -5.98526967e-03  2.44993348e-03  1.37095255e-02  8.11463190e-03  3.50256827e-03 -7.47702223e-03  3.70926159e-03 -1.13710259e-03  4.93104905e-04  5.44049384e-03 -5.41498619e-03 -4.99463481e-03 -6.84663745e-03 -1.51600838e-03  3.10289126e-04 -2.40590493e-03  3.13185836e-03  3.99458798e-03
 1.78076150e+01 -7.09841170e-03 -6.10668535e-03  2.73288569e-03  1.36559878e-02  8.14510832e-03  3.42511616e-03 -7.46822891e-03  3.76169947e-03 -1.15843999e-03  4.29096976e-04  5.49736448e-03 -5.44236911e-03 -5.07077713e-03 -6.64365783e-03 -1.58377109e-03  3.03155557e-04 -2.62754335e-03  3.34572834e-03  3.86168529e-03
 1.78597190e+01 -6.86335695e-03 -6.22300586e-03  3.00975313e-03  1.36123188e-02  8.17019019e-03  3.33984005e-03 -7.46382664e-03  3.82551269e-03 -1.16723158e-03  3.61335966e-04  5.56717970e-03 -5.46394393e-03 -5.12944052e-03 -6.45850650e-03 -1.64381839e-03  2.71962761e-04 -2.84669273e-03  3.56038173e-03  3.71267130e-03
 1.79118240e+01 -6.62946501e-03 -6.33455167e-03  3.27945517e-03  1.35768863e-02  8.18781227e-03  3.24666362e-03 -7.46181756e-03  3.90351558e-03 -1.16114503e-03  2.91048176e-04  5.64876725e-03 -5.47660533e-03 -5.16911010e-03 -6.29719792e-03 -1.69092736e-03  2.13310040e-04 -3.06110364e-03  3.77339918e-03  3.54944938e-03
 1.79639280e+01 -6.39761147e-03 -6.44192686e-03  3.54123870e-03  1.35474490e-02  8.19556912e-03  3.14562097e-03 -7.45987870e-03  3.99873162e-03 -1.13779496e-03  2.19891114e-04  5.74060241e-03 -5.47734572e-03 -5.18851800e-03 -6.16593213e-03 -1.71946239e-03  1.23732062e-04 -3.26818177e-03  3.98226461e-03  3.37457275e-03
 1.80160320e+01 -6.16866083e-03 -6.54606144e-03  3.79481955e-03  1.35210743e-02  8.19070108e-03  3.03691612e-03 -7.45534787e-03  4.11439527e-03 -1.09475445e-03  1.50025665e-04  5.84079846e-03 -5.46337892e-03 -5.18669751e-03 -6.07098315e-03 -1.72342467e-03 -2.68375001e-07 -3.46498473e-03  4.18443785e-03  3.19128963e-03
 1.80681360e+01 -5.94344819e-03 -6.64822899e-03  4.04048645e-03  1.34940591e-02  8.17008120e-03  2.92101718e-03 -7.44521043e-03  4.25393682e-03 -1.02956656e-03  8.42100620e-05  5.94708404e-03 -5.43227798e-03 -5.16302891e-03 -6.01860679e-03 -1.69650015e-03 -1.62173471e-04 -3.64817931e-03  4.37739419e-03  3.00361806e-03
 1.81202400e+01 -5.72272730e-03 -6.75007084e-03  4.27924611e-03  1.34618440e-02  8.13020907e-03  2.79875951e-03 -7.42608648e-03  4.42097234e-03 -9.39754461e-04  2.58953712e-05  6.05679056e-03 -5.38213120e-03 -5.11728872e-03 -6.01492019e-03 -1.63212053e-03 -3.65405238e-04 -3.81402161e-03  4.55869264e-03  2.81640303e-03
 1.81723450e+01 -5.50710622e-03 -6.85361458e-03  4.51298270e-03  1.34189249e-02  8.06720887e-03  2.67146635e-03 -7.39421778e-03  4.61929487e-03 -8.22827145e-04 -2.06703782e-05  6.16684285e-03 -5.31171223e-03 -5.04969463e-03 -6.06577468e-03 -1.52352803e-03 -6.13282226e-04 -3.95833846e-03  4.72605160e-03  2.63536971e-03
 1.82244490e+01 -5.29698878e-03 -6.96127604e-03  4.74461049e-03  1.33587683e-02  7.97684054e-03  2.54110019e-03 -7.34545862e-03  4.85284494e-03 -6.76294389e-04 -5.03262208e-05  6.27374173e-03 -5.22067262e-03 -4.96095493e-03 -6.17661117e-03 -1.36385887e-03 -9.08949413e-04 -4.07649905e-03  4.87741752e-03  2.46718906e-03
 1.82765530e+01 -5.09245809e-03 -7.07587340e-03  4.97828630e-03  1.32737194e-02  7.85450565e-03  2.41040730e-03 -7.27526051e-03  5.12571997e-03 -4.97655327e-04 -5.68839494e-05  6.37357029e-03 -5.10973391e-03 -4.85230136e-03 -6.35231585e-03 -1.14621153e-03 -1.25535548e-03 -4.16341784e-03  5.01107407e-03  2.31950294e-03
 1.83286570e+01 -4.89318296e-03 -7.20061257e-03  5.21959251e-03  1.31549205e-02  7.69527252e-03  2.28310389e-03 -7.17866250e-03  5.44214779e-03 -2.84404300e-04 -3.29978568e-05  6.46198082e-03 -4.98090438e-03 -4.72553058e-03 -6.59705805e-03 -8.63740264e-04 -1.65518343e-03 -4.21353360e-03  5.12572749e-03  2.20097730e-03
 1.83807620e+01 -4.69827903e-03 -7.33907522e-03  5.47576282e-03  1.29922271e-02  7.49390003e-03  2.16406367e-03 -7.05027530e-03  5.80648878e-03 -3.40155922e-05  2.99679342e-05  6.53419538e-03 -4.83769592e-03 -4.58303254e-03 -6.91412947e-03 -5.09736872e-04 -2.11081380e-03 -4.22080722e-03  5.22061862e-03  2.12132862e-03
 1.84328660e+01 -4.50616973e-03 -7.49517975e-03  5.75589386e-03  1.27741497e-02  7.24489197e-03  2.05953322e-03 -6.88427784e-03  6.22320308e-03  2.56051504e-04  1.42070668e-04  6.58499891e-03 -4.68536230e-03 -4.42782913e-03 -7.30574290e-03 -7.77541726e-05 -2.62424003e-03 -4.17872218e-03  5.29563127e-03  2.09135134e-03
 1.84849700e+01 -4.31438482e-03 -7.67315650e-03  6.07122176e-03  1.24877742e-02  6.94252221e-03  1.97733666e-03 -6.67438628e-03  6.69689541e-03  5.88404318e-04  3.14936182e-04  6.60874694e-03 -4.53111230e-03 -4.26357988e-03 -7.77288655e-03  4.38336515e-04 -3.19707512e-03 -4.08029054e-03  5.35142636e-03  2.12292046e-03
 1.85370740e+01 -4.11936851e-03 -7.87748267e-03  6.43536715e-03  1.21187276e-02  6.58090874e-03  1.92711388e-03 -6.41384302e-03  7.23230077e-03  9.65730643e-04  5.61897593e-04  6.59935907e-03 -4.38434928e-03 -4.09460915e-03 -8.31511361e-03  1.04421933e-03 -3.83047602e-03 -3.91806127e-03  5.38956470e-03  2.22900007e-03
 1.85891780e+01 -3.91623813e-03 -8.11281450e-03  6.86462300e-03  1.16511484e-02  6.15408299e-03  1.92055518e-03 -6.09538896e-03  7.83431592e-03  1.39084640e-03  8.98139670e-04  6.55032011e-03 -4.25689198e-03 -3.92591400e-03 -8.93035566e-03  1.74503801e-03 -4.52511497e-03 -3.68413503e-03  5.41264621e-03  2.42363160e-03
 1.86412830e+01 -3.69850842e-03 -8.38390468e-03  7.37827049e-03  1.10676720e-02  5.65606836e-03  1.97164656e-03 -5.71122191e-03  8.50805372e-03  1.86676112e-03  1.34085181e-03  6.45467729e-03 -4.16318704e-03 -3.76316503e-03 -9.61474109e-03  2.54530951e-03 -5.28116386e-03 -3.37017534e-03  5.42445296e-03  2.72191928e-03
 1.86933870e+01 -3.45779914e-03 -8.69547251e-03  7.99886988e-03  1.03495057e-02  5.08102843e-03  2.09691375e-03 -5.25298315e-03  9.25885002e-03  2.39671061e-03  1.90933407e-03  6.30504826e-03 -4.12051503e-03 -3.61271545e-03 -1.03623435e-02  3.44875763e-03 -6.09821126e-03 -2.96745499e-03  5.43009620e-03  3.13997239e-03
 1.87454910e+01 -3.18345852e-03 -9.05210286e-03  8.75268450e-03  9.47642869e-03  4.42334366e-03  2.31568180e-03 -4.71165495e-03  1.00924246e-02  2.98429817e-03  2.62518736e-03  6.09361135e-03 -4.14915953e-03 -3.48157060e-03 -1.11650616e-02  4.45830248e-03 -6.97533387e-03 -2.46684254e-03  5.43616874e-03  3.69489491e-03
 1.87975950e+01 -2.86217950e-03 -9.45806607e-03  9.67005200e-03  8.42694798e-03  3.67781437e-03  2.65033287e-03 -4.07751142e-03  1.10149424e-02  3.63356412e-03  3.51241885e-03  5.81211548e-03 -4.27257175e-03 -3.37737934e-03 -1.20123683e-02  5.57589903e-03 -7.91103310e-03 -1.85884696e-03  5.45089699e-03  4.40470995e-03
 1.88496990e+01 -2.47754034e-03 -9.91712882e-03  1.07858577e-02  7.17845977e-03  2.83986018e-03  3.12657563e-03 -3.34001062e-03  1.20331713e-02  4.34912003e-03  4.59758374e-03  5.45188767e-03 -4.51749646e-03 -3.30839796e-03 -1.28911241e-02  6.80245058e-03 -8.90325225e-03 -1.13363261e-03  5.48429481e-03  5.28829998e-03
