Liste de paramètres optimaux interessants pour He :

A - CURVE_FIT avec METHODE "LM"
1.
_____________________________________________________________________
Paramètres initiaux :
0.17279137 0.1419085  0.32427195 0.101733   0.85387789 0.31159817
0.51862328 0.14804569 0.38471921 0.91137962 0.70358244 0.58976532
0.78826554 0.12236461 0.07835391 0.49706589 0.51406041 0.15555162
0.11338766 0.56623915 0.84763392 0.88267641 0.46451408 0.8278845
0.94787445 0.71011479 0.62864154 0.64459828 0.87958062 0.43088565
0.88459372 0.35494717 0.00582005 0.7268818  0.21162116 0.14591339
0.88314802 0.44116349 0.83000968 0.79394121
 
Paramètres optimaux sans sigma=y
 1.98040787e+00 -1.00597585e+00  6.32194489e-01  2.22487534e-03
-2.52407209e-02  1.43202104e-05 -2.09244577e+07 -3.84090672e+07
-1.08945006e+07 -1.39816593e+07  1.49241378e+01 -5.93016456e+00
 5.16526584e+00  8.94190004e-02 -2.97128837e-02  4.35743577e-02
 5.55837326e+01  2.56381096e+02 -1.35305644e+02  1.81974129e+02
-1.85143453e+02  2.20451919e+02  1.62233149e+01 -7.99208050e+01
 1.02522899e+02 -1.26160790e+02  1.16640340e+02 -1.03841503e+02
-6.90503344e+00  1.08978078e+01 -2.35789657e+01  2.83983605e+01
-2.25371409e+01  1.62631581e+01  5.70088974e-01 -7.56944974e-01
 1.74759715e+00 -2.02570788e+00  1.38813037e+00 -8.43496102e-01
  
Paramètres optimaux avec sigma=y
 1.53354436e+00 -4.60792547e-01  4.00889430e-01  2.20588393e-02
-1.57249307e-01  8.99599192e-02 -1.67821665e+07 -7.68331264e+06
-8.22274469e+06 -6.25534582e+06  1.40908681e+01 -4.44618142e+00
 3.09749285e+00  1.17369030e+00 -8.50774737e-01  4.97878214e-01
 1.58337314e+02  3.08298510e+02  1.93157856e+02  5.89653680e+01
-3.95555661e-03  1.54848821e+01 -4.99539517e+01 -9.56152196e+01
-5.71107729e+01 -1.58128392e+01  7.47241020e-01 -7.60313495e+00
 5.36573030e+00  9.85674649e+00  5.76649567e+00  1.41250989e+00
-9.21541652e-02  1.17490379e+00 -2.05277100e-01 -3.49975575e-01
-2.07932387e-01 -4.18699636e-02  3.95518345e-03 -5.68510606e-02

Commentaires :
R² (sans sigma)   : 0.9999997983828187
R² (avec sigma=y) : 0.9958319017438781
Graphiquement avec sigma a l'air meilleur

_______________________________________________________________________


2.
_______________________________________________________________________
Paramètres initiaux:
 4.61878396 -4.16198399 -2.61352322 -0.45274298  1.96313462 -0.29579533
-0.65384781  2.35625252 -3.09272769 -1.41010026 -4.11173628 -3.7488179
-3.3688491  -0.52688753 -0.61490743  3.00239818 -0.83015383 -2.4081851
-0.69945881  3.10134233  0.84966585  4.91926087  2.59584754 -4.39302256
 4.84070974  2.81425496 -1.3357135   3.21713782 -0.55245328 -2.3015702
 3.50514985  4.77665604 -2.78745058  3.87964004 -0.94452122  0.71486261
 0.64414982 -1.56090702 -1.37913826 -1.91938013

Paramètres optimaux sans sigma=y :
 6.43043100e+00 -6.48905423e+00 -9.54473516e+00 -5.03671389e+00
 1.36956688e+00  8.42118996e+00  6.21227408e+07  3.96794474e+07
 7.32360853e+07 -3.31016588e+05 -3.74573647e+01 -3.07176980e+01
-1.98106837e+01 -5.91376944e+00  1.93260508e+00  8.07944716e+00
 2.57448170e+04  1.72085878e+04  3.91375824e+04  6.95805290e+03
 1.97424697e+04  1.63838749e+04 -3.82757141e+03 -3.96828278e+03
-4.13347145e+03 -4.15689982e+03 -4.03111908e+03 -3.92225906e+03
 4.40154320e+01  4.00098892e+01  4.71757777e+01  5.68321138e+01
 6.05836931e+01  5.57858895e+01  8.06986916e+00  1.03663435e+01
 1.16723433e+01  1.16969922e+01  1.41876740e+01  1.33199589e+01

Paramètres optimaux avec sigma=y :
 1.62178453e+00 -8.57163020e-01  5.29958748e-01 -1.19588733e-01
 3.54964282e-02  2.50315083e-02 -1.18022867e+07  1.27425945e+08
 3.34223469e+06  4.00559649e+07  1.18808899e+01 -6.19417326e+00
 5.00155674e+00 -6.99179451e-01  1.79255637e-01  2.46802947e-01
 1.96652004e+03  3.49481763e+03  1.63129438e+03  3.27136122e+02
 2.23853260e+02  6.26741104e+02 -6.73338792e+02 -1.22671569e+03
-5.59737843e+02 -8.08039202e+01  5.44270380e+00 -2.58592395e+02
 7.84128084e+01  1.44923790e+02  6.22661379e+01  8.84797340e+00
-1.22458393e+01  3.67256336e+01 -3.19794514e+00 -6.00478284e+00
-2.19136322e+00 -4.42750116e-01  1.06629884e+00 -1.79118752e+00 

Commentaires :
R² (sans sigma)   : 0.8797126787628949
R² (avec sigma=y) : 0.9999106819642322

___________________________________________________________________________

3.
_______________________________________________________________________
Paramètres initiaux:
[ 0.19817221  1.45218153  0.98303179 -4.14732583 -4.81712723 -0.56552269
  3.6374026   0.82801445  0.6841118  -1.11608134 -0.67321871  4.19117469
  3.85221817  1.0039426   1.23698579  0.51498791  1.58022405  4.02025343
 -3.10595898 -0.05532482  2.52726002 -0.5957381   2.30734099 -2.11763935
 -1.33123435  4.89565254  2.18452062  0.93080658 -2.02310196  1.694172
 -1.99647065  3.33393652  1.30435023 -3.31259685 -3.22978354  4.62790259
 -0.10573011  2.00081216 -1.8576988   3.22775012]


Paramètres optimaux sans sigma=y :
[-1.08674823e+00  2.96700183e+00  2.59108006e-01 -3.42673479e+00
 -5.04541138e+00 -2.97744481e-01  6.22988195e+07  3.24979182e+07
  8.01481617e+07  6.86068660e+07 -3.23735201e+01  1.71077310e+01
 -2.25961776e+00  2.92331147e-01 -4.86134684e+00  5.63863023e+00
 -2.01106043e+03 -1.21255690e+03 -8.31020253e+03  1.86221891e+04
 -8.53039669e+03  1.44202742e+03  2.19656350e+01  7.29628732e+02
  1.33792345e+02 -5.19865787e+02  1.16964310e+01 -3.77217356e+02
  4.69586439e+00 -3.16937506e+01  3.98003889e+01 -8.03668233e+01
 -4.46077607e+01  1.12172081e+02  3.63140206e+01 -3.22316997e+01
  1.66171718e+01  8.47524303e-01 -6.52144253e+01  4.36674082e+01]

Paramètres optimaux avec sigma=y :
[ 1.53371234e+00 -4.61353481e-01  4.00843111e-01  2.24447202e-02
 -1.57553460e-01  9.00118005e-02 -1.67813419e+07 -7.63600245e+06
 -8.21960850e+06 -6.25534990e+06  7.26304401e+00 -4.45213258e+00
  3.09738021e+00  1.17618056e+00 -8.52737044e-01  4.98147178e-01
  1.46656848e+05  2.85655897e+05  1.79192827e+05  5.47520308e+04
  1.03313413e+00  1.42647559e+04 -4.62763473e+04 -8.86093494e+04
 -5.30045435e+04 -1.46894647e+04  7.01302753e+02 -7.00508134e+03
  4.97132882e+03  9.13677931e+03  5.35382449e+03  1.31297205e+03
 -8.78736537e+01  1.08266875e+03 -1.90192189e+02 -3.24505930e+02
 -1.93077255e+02 -3.89591311e+01  3.82471713e+00 -5.23873307e+01]

Commentaires :
R² (sans sigma)   : -5.218408949037268e+29
R² (avec sigma=y) : 0.9958346445711608

___________________________________________________________________________

4.
_______________________________________________________________________
Paramètres initiaux:
[ 2.26832362 -0.88270115  0.31377869  4.74610098 -2.26060505 -2.08030647
  0.89350841 -2.37692384  0.42248888 -0.72333965 -2.85947661 -1.01462451
  1.18884932  4.06696479 -3.92737464  0.36944511 -1.01538615  4.42374693
 -4.35861408 -0.81390236 -1.42952643  4.07632259 -2.94488914  3.52585762
 -2.46824962 -3.70922236 -4.42446074  4.92757972  1.01879564 -1.92395776
 -0.96785932  1.66658686 -4.02977878 -0.25069383 -0.10614019  4.50431548
  1.70303321 -1.84726893 -1.20186438 -0.25626357]

Paramètres optimaux sans sigma=y :
[ 3.12916125e+02  4.35771229e+01  1.70482706e+01  2.40513937e+02
 -2.74471475e-01  4.69587618e+01  6.21175356e+07  3.96307889e+07
  7.32202730e+07 -3.90249171e+05 -2.72491961e+01 -7.85201838e+00
  2.88353496e-01  1.77422747e+01 -3.82864292e+00  4.55978435e+00
  2.73191120e+05 -5.69447783e+04  2.55298492e+05 -1.02354688e+05
 -4.27780743e+05  2.53954635e+05 -2.39044917e+04  2.04886646e+04
 -1.04817238e+04 -2.39496672e+03  1.59726654e+04 -3.30321203e+04
 -6.64878383e+02  1.13799858e+03 -1.15344793e+03 -2.08479497e+02
  1.47463381e+03 -1.62293338e+03  2.03633957e+01  1.75637002e+01
 -4.85698645e+01  1.91527098e+01  3.18546953e+00  4.75575631e+01]

Paramètres optimaux avec sigma=y :
[ 1.53358738e+00 -4.60954524e-01  4.00868997e-01  2.21756675e-02
 -1.57344476e-01  8.99761407e-02 -1.67818390e+07 -7.66808421e+06
 -8.22192796e+06 -6.25719819e+06  9.88962919e+00 -4.44808092e+00
  3.09742078e+00  1.17442999e+00 -8.51384024e-01  4.97959647e-01
  1.05832791e+04  2.06092983e+04  1.29179213e+04  3.94501606e+03
  2.30037786e-01  1.03320512e+03 -3.33909967e+03 -6.39213546e+03
 -3.81994239e+03 -1.05808876e+03  5.00523743e+01 -5.07317088e+02
  3.58678400e+02  6.59006660e+02  3.85741513e+02  9.45324898e+01
 -6.20930180e+00  7.83987166e+01 -1.37220237e+01 -2.34012609e+01
 -1.39096384e+01 -2.80293415e+00  2.67925889e-01 -3.79353364e+00]


Commentaires :
R² (sans sigma)   : 0.8796614088205201
R² (avec sigma=y) : 0.9958326077949555

___________________________________________________________________________

5.
_______________________________________________________________________
Paramètres initiaux:
[ 2.79884705 -3.04731658  4.16064444 -0.40551288 -4.5488273  -2.33626419
 -0.6727238   1.62245835  0.22806565  4.41970663  2.39149973  0.0474342
 -3.80189255 -4.82963962 -4.09861978 -2.93923203  1.55191542  1.6257383
  2.01148589 -0.13986606 -4.58596855 -4.18003107  0.65113508 -1.44771722
  0.58841817  0.36907285  0.45148669  4.77314009 -3.05559619 -3.58246894
  3.93707933  0.06995443  1.59100072 -4.80806624 -4.30750419 -3.17344275
 -2.59086126 -2.86408318 -4.63071575 -4.23395988]

Paramètres optimaux sans sigma=y :
[ 4.30386496e+00 -2.75779049e+00  3.88694400e+00 -4.78109994e-01
 -4.69213903e+00 -2.45062589e+00  4.80485758e+07  3.26595790e+07
  1.10597114e+08  1.49444335e+08  8.99575987e+00  1.32575398e+00
 -5.36873736e+00 -5.95320534e+00 -4.77488452e+00 -3.58735798e+00
  4.93734301e+04  8.16183544e+04  4.48753742e+04 -9.86571332e+03
 -7.16670976e+04 -9.43684124e+04 -1.06283036e+03  8.69074896e+03
 -1.24565293e+03 -1.50154309e+03  1.10831349e+03 -5.97903467e+03
 -4.60783870e+02 -9.14291012e+02  2.37543638e+02 -8.17236202e+02
  1.55401943e+03  3.99775456e+02 -4.35816179e+00  2.37640456e+01
  1.74192920e+00 -1.35449657e+01  1.35778665e+01 -2.11494080e+01]

Paramètres optimaux avec sigma=y :
[ 1.62178583e+00 -8.57163272e-01  5.29956035e-01 -1.19588105e-01
  3.54988147e-02  2.50303029e-02 -1.18022973e+07  1.27425924e+08
  3.34225765e+06  4.00561231e+07  6.73164839e+00 -6.19419071e+00
  5.00154379e+00 -6.99184126e-01  1.79273958e-01  2.46797373e-01
  3.38837607e+05  6.02171235e+05  2.81085005e+05  5.63706520e+04
  3.85706966e+04  1.07987761e+05 -1.16018368e+05 -2.11368004e+05
 -9.64474596e+04 -1.39240989e+04  9.37684099e+02 -4.45555296e+04
  1.35107685e+04  2.49709359e+04  1.07290082e+04  1.52466645e+03
 -2.10995821e+03  6.32783198e+03 -5.51015867e+02 -1.03464677e+03
 -3.77594500e+02 -7.62908405e+01  1.83723342e+02 -3.08621777e+02] 

Commentaires :
R² (sans sigma)   : 0.9009641881011226
R² (avec sigma=y) : 0.999910684102322

___________________________________________________________________________

