___________________________________________________________________________________________
                                            #===============#
                                            #  Pour He-HCN  #
                                            #===============#

Paramètres de Toczylowski:
----------------------------------------------------------------------------------
|         0            1            2            3           4            5      |
|--------------------------------------------------------------------------------|
| b  |  1.69637     0.18540      0.19384      0.01302     -0.00719     -0.02571  |
| c  | -19454.791  -23297.750   -9250.9937   -45021.967    -------      -------  |
| d  |  11.90598    1.33541      2.23321      0.31214      0.06321     -0.13334  |
| g0 |  0.12724    -0.36813     -0.18070      0.00010      0.24256     -0.00422  |
| g1 |  0.05486     0.08842      0.06785     -0.01495      0.11374      0.02042  |
| g2 | -0.01311     0.00038     -0.00099      0.00252      0.01929     -0.00554  |
| g3 |  0.00053    -0.00076     -0.00059      0.00002      0.00112      0.00036  |
----------------------------------------------------------------------------------


curve_fit + method='lm' et p0=Toczylowski :
-------------------------------------------------------------------------------------------------------------
|             0                1                2                3                4                5        |
|-----------------------------------------------------------------------------------------------------------|
| b  |  2.169765952791  -0.856543470538   0.544245401255  -0.063517026844  -0.147010196614  -0.047869800972 |
| c  | -19934.52684741  -23123.13890137  -10582.81729748  -17849.92253407   --------------   -------------- |
| d  |  16.85784868313  -4.504673913796   4.690365026377  -0.056814142173  -0.584216241228  -0.201867902846 |
| g0 | -0.042368810495   0.092012986345  -0.165506650801   0.172266297358  -0.082776018006   0.083456372255 |
| g1 |  0.031312134241  -0.050410355372   0.099911116226  -0.105711800515   0.053919124568  -0.039101473786 |
| g2 | -0.006227845490   0.011081576860  -0.020911012021   0.021326246320  -0.010995274343   0.005971313592 |
| g3 |  0.000423734873  -0.000894925260   0.001489301915  -0.001415054895   0.000709079469  -0.000297066025 |
-------------------------------------------------------------------------------------------------------------
                                     ---------------------------------
                                    | R²    :  0.9999999535540615     |
                                    | RMSE  :  0.0005543392662505258  |
                                    | MAE   :  0.00042756114002993775 |
                                     ---------------------------------

|-----------------------------------------------------------------------------------------------------------------------------------------------|
|R \ Theta |      0           20          40          60          80          90         100         120         140         160         180    |
|-----------------------------------------------------------------------------------------------------------------------------------------------|
|   4.5    | ----------  ----------  ----------   8972.4302   5584.2812   6028.4560   7981.3002  22542.9275  80419.6135  ----------  ---------- |
|   5.0    | ----------  ----------   8582.6563   2644.0152   1582.0400   1602.7653   1933.3396   4475.1477  13296.1709  31994.8833  ---------- |
|   5.5    | ----------  ----------   2366.2298    599.0526    308.6740    275.7241    285.9855    589.6026   1739.4591   3965.0446   5367.5516 |
|   6.0    |  5755.1718   2831.8387    461.7507      3.7486    -47.7269    -68.7859    -95.6956   -125.4215    -46.5176    158.1215    286.9093 |
|   6.5    |  1581.1796    630.4300    -51.7735   -128.3606   -115.7631   -123.7891   -141.9890   -188.2555   -221.1899   -228.7513   -226.4490 |
|   7.0    |   267.3195      4.4174   -146.4923   -128.0320   -104.6395   -106.1415   -115.3054   -144.8993   -174.5735   -193.6308   -199.7815 |
|   7.5    |   -83.0646   -128.2783   -131.7981    -99.5080    -79.1991    -78.3729    -82.7795   -100.6672   -120.9117   -135.1331   -140.0348 |
|   8.0    |  -136.5011   -124.9108    -98.8704    -71.8886    -56.7709    -55.4653    -57.7496    -69.2269    -83.1797    -93.3245    -96.8902 |
|   8.5    |  -114.1233    -95.0093    -70.5292    -50.9777    -40.2135    -39.0520    -40.4070    -48.2581    -58.1770    -65.5368    -68.1567 |
|   9.0    |   -82.3180    -67.5785    -49.9743    -36.2741    -28.6538    -27.7639    -28.6724    -34.2757    -41.4865    -46.9130    -48.8637 |
|  10.0    |   -39.5795    -33.8742    -26.0191    -19.1254    -15.1687    -14.6985    -15.1896    -18.2410    -22.2331    -25.3011    -26.4203 |
|  12.0    |   -11.4869    -10.5742     -8.5109     -6.3401     -5.0545     -4.9047     -5.0757     -6.1283     -7.5419     -8.6607     -9.0767 |
|-----------------------------------------------------------------------------------------------------------------------------------------------|


curve_fit + method='lm' + sigma=y et p0=Toczylowski :
-------------------------------------------------------------------------------------------------------------
|             0                1                2                3                4                5        |
|-----------------------------------------------------------------------------------------------------------|
| b  |  1.517865255645  -0.130933788665   0.360656910101  -0.252724149617  -0.000011021664   0.010031273183 |
| c  | -17307.12422579  -22062.97436410  -8640.273898846  -7246.759634217   --------------   -------------- |
| d  |  11.96575310774  -2.267775707301   4.186708800528  -1.317116888544   0.532941407840   0.028728826640 |
| g0 |  0.486536984494   0.540069560462  -0.040315238526   0.175310005496   0.317269064063   0.019160524647 |
| g1 | -0.126895949832  -0.120537568155   0.046839116732  -0.076805627804  -0.147900338887  -0.015367834558 |
| g2 |  0.011277782888   0.008178886980  -0.008372492097   0.010221158916   0.020682387045   0.002388452363 |
| g3 | -0.000410660483  -0.000228684413   0.000408139695  -0.000397414775  -0.000884554787  -0.000093138417 |
-------------------------------------------------------------------------------------------------------------
                                     ---------------------------------
                                    | R²    :  0.9999916454245402     |
                                    | RMSE  :  0.0074347088158331414  |
                                    | MAE   :  0.002093845882751144   |
                                     ---------------------------------

|---------------------------------------------------------------------------------------------------------------------------------------------------------|
|R \ Theta          0           20           40           60           80           90           100          120          140          160          180  |
|---------------------------------------------------------------------------------------------------------------------------------------------------------|
|  4.5     |  152222.9002   86546.0007   26848.3842   12081.2249   11956.6426   14771.4687   20378.0949   59710.6292  361818.7332  ----------- -----------|
|  5.0     |   54026.6927   30166.4234    8937.1442    3985.8788    4319.1811    5580.7844    7877.9065   22016.6385  114128.4885  704403.7072 1614977.0344 |
|  5.5     |   18353.8035    9988.1885    2721.1417    1157.6890    1436.2016    1977.3526    2886.0597    7765.6689   34647.7273  180528.7329  384662.5691 |
|  6.0     |    5797.4242    3014.9023     669.8089     230.1150     397.1026     618.1562     959.9970    2543.9415    9902.2957   43871.3740   87010.5482 |
|  6.5     |    1577.8809     731.6568      51.9358     -38.1185      51.2041     136.0949     254.5697     716.2027    2525.2646    9708.3287   18006.0295 |
|  7.0     |     265.4478      53.2991     -97.9731     -91.9840     -45.8795     -16.1344      18.6625     123.1302     475.6056    1727.0696    3053.5031 |
|  7.5     |     -82.4369    -106.6727    -109.1204     -84.5651     -60.3933     -51.6221     -45.7183     -41.7823     -19.6958      90.1323     204.7741 |
|  8.0     |    -136.0635    -115.8880     -87.5894     -65.0749     -51.6695     -50.1549     -52.7324     -69.5451     -98.1711    -141.8488    -174.3933 |
|  8.5     |    -114.5553     -91.1849     -64.1965     -47.3354     -39.2724     -39.8489     -43.9033     -59.9762     -83.2459    -118.3069    -143.4596 |
|  9.0     |     -83.1919     -65.6238     -45.8738     -33.9476     -28.6739     -29.5765     -33.0648     -44.5347     -57.7895     -74.8574     -85.9904 |
|  10.0    |     -39.9791     -32.5529     -23.7038     -17.7898     -15.0751     -15.5617     -17.3383     -22.1140     -25.7229     -29.1345     -30.9286 |
|  12.0    |     -10.7660      -9.5036      -7.5159      -5.7463      -4.7614      -4.7772      -5.1407      -6.1015      -6.8940      -7.7142      -8.0704 |
|---------------------------------------------------------------------------------------------------------------------------------------------------------|
 
___________________________________________________________________________________________
___________________________________________________________________________________________
                                            #===============#
                                            #  Pour Ne-HCN  #
                                            #===============#

Paramètres de Toczylowski:
----------------------------------------------------------------------------------
|         0            1            2            3           4            5      |
----------------------------------------------------------------------------------
| b  |  1.39799     0.06304      0.10472      0.10103      0.04239     -0.00674  |
| c  | -33692.705  -209959.32   -16394.597   -107262.52    -------      -------  |
| d  |  13.60561    0.87434      2.39464      0.60195      0.31713      0.05930  |
| g0 |  0.10500    -0.06621     -0.05328      0.01479      0.00609     -0.00197  |
| g1 | -0.03368     0.02788      0.02191     -0.00483     -0.00308      0.00011  |
| g2 |  0.00374    -0.00401     -0.00298      0.00070      0.00054     -0.00004  |
| g3 | -0.000154    0.000203     0.000141    -0.000046    -0.000033    -0.000002 |
----------------------------------------------------------------------------------


curve_fit + 'lm'  et p0=Toczylowski :
-------------------------------------------------------------------------------------------------------------
|             0                1                2                3                4                5        |
|-----------------------------------------------------------------------------------------------------------|
| b  |  1.349417150162   0.042425444355   0.058201595191   0.049466543351   0.002653448920  -0.013105315790 |
| c  | -31570.64134309  -286617.3466442  -14310.21050165  -73336.87526121   --------------   -------------- |
| d  |  13.38026701006   0.889411776133   1.680299658247   0.524249568150   0.078760639322  -0.056953589488 |
| g0 |  0.120396034612  -0.086806459786   0.027502225403   0.001088884422   0.020738831589   0.008802414522 |
| g1 | -0.040340144204   0.035518297065  -0.006663368387  -0.002072298051  -0.007743852692  -0.003134038340 |
| g2 |  0.004657452200  -0.005024275856   0.000495229607   0.000582955040   0.000991142362   0.000352097308 |
| g3 | -0.000195916937   0.000255750230  -0.000009836238  -0.000048464734  -0.000043355253  -0.000011087176 |
-------------------------------------------------------------------------------------------------------------
                                     ---------------------------------
                                    | R²    :  0.9999999535540615     |
                                    | RMSE  :  0.0005543392662505258  |
                                    | MAE   :  0.00042756114002993775 |
                                     ---------------------------------

   
  
  

least_squares + x_scale='jac' + loss='soft_l1' et p0=Toczylowski :
-------------------------------------------------------------------------------------------------------------
|             0                1                2                3                4                5        |
|-----------------------------------------------------------------------------------------------------------|
| b  |  1.379833205097   0.074708723026   0.114621481641   0.096638911194   0.048247496061  -0.022461210760 |
| c  | -32839.06542450  -206102.1047827  -16096.17358431  -111551.0058563   --------------   -------------- |
| d  |  13.48254354379   0.682958095724   2.296776773969   0.551568277322   0.339165678817  -0.022278293902 |
| g0 |  0.108457851014  -0.050751334882  -0.054324762607   0.007090953723   0.006101680587   0.002974607270 |
| g1 | -0.034748501802   0.024050030425   0.024526055069  -0.000797746452  -0.003013876813  -0.001928262274 |
| g2 |  0.003830352846  -0.003683732557  -0.003530008740   0.000051665120   0.000574678685   0.000330415044 |
| g3 | -0.000155390593   0.000190984714   0.000171459387  -0.000010870685  -0.000038362001  -0.000016018630 |
-------------------------------------------------------------------------------------------------------------
                                     ---------------------------------
                                    | R²    :  0.9999999535540632     |
                                    | RMSE  :  0.000554339255621556   |
                                    | MAE   :  0.0004275688780518012  |
                                     ---------------------------------

___________________________________________________________________________________________
___________________________________________________________________________________________
                              #===============#
                              #  Pour Ar-HCN  #
                              #===============#

Paramètres de Toczylowski :
----------------------------------------------------------------------------------
|        0            1            2            3           4            5       |
----------------------------------------------------------------------------------
| b  |  1.48547     0.05926     -0.07533      0.12892      0.04978     -0.00004  |
| c  | -134348.77  -281277.47   -57041.638   -116961.41    -------      -------  |
| d  |  14.23209    0.99248      0.88287      0.70551      0.38213      0.06818  |
| g0 |  0.06053    -0.12937      0.07849     -0.05992      0.04541      0.03519  |
| g1 |  0.00640     0.04016     -0.02325      0.02468     -0.02338     -0.01536  |
| g2 | -0.00277    -0.00416      0.00221     -0.00239      0.00392      0.00207  |
| g3 |  0.00013     0.00015     -0.00006      0.00003     -0.00021     -0.00009  |
----------------------------------------------------------------------------------


least_squares + x_scale='jac' + loss='soft_l1' et p0=Toczylowski :
-------------------------------------------------------------------------------------------------------------
|             0                1                2                3                4                5        |
|-----------------------------------------------------------------------------------------------------------|
| b  |  1.483407536976   0.112015542111  -0.032843612191   0.094365726134   0.033820767387  -0.004629355901 |
| c  | -135783.5865435  -325692.4344777  -57995.31109569  -125784.8469770   --------------   -------------- |
| d  |  14.37087301922   1.210291512784   1.127352935061   0.466341968270   0.263961941831   0.043692710808 |
| g0 |  0.044277336958  -0.150928579110   0.029017675752  -0.029401214750   0.013423710578   0.009201449094 |
| g1 |  0.008911721077   0.050508135234  -0.008855531861   0.013531186127  -0.008965289979  -0.005064185661 |
| g2 | -0.002917801252  -0.005428112556   0.001146212702  -0.001178096509   0.001834942387   0.000752982787 |
| g3 |  0.000137627196   0.000192853374  -0.000053626009  -0.000008219267  -0.000113691774  -0.000031076263 |
-------------------------------------------------------------------------------------------------------------
                                     ---------------------------------
                                    | R²    :  0.9999998091292273     |
                                    | RMSE  :  0.0011943244346639724  |
                                    | MAE   :  0.0008700533824456864  |
                                     ---------------------------------

       


least_squares + x_scale='jac' + loss='huber' et p0=Toczylowski :
-------------------------------------------------------------------------------------------------------------
|             0                1                2                3                4                5        |
|-----------------------------------------------------------------------------------------------------------|
| b  |  1.483470773608   0.111923495988  -0.032814414415   0.094385964952   0.033809904756  -0.004629383892 |
| c  | -135784.9107927  -325668.1074889  -57995.32725006  -125770.6891025   --------------   -------------- |
| d  |  14.27164318491   1.209634013394   1.127692554029   0.466442506347   0.263908496857   0.043686561013 |
| g0 |  0.048848884554  -0.166610623509   0.031976477131  -0.032462371913   0.014853300305   0.010149550556 |
| g1 |  0.009867691383   0.055756082486  -0.009757102695   0.014939843290  -0.009913601202  -0.005587865139 |
| g2 | -0.003225745734  -0.005992180243   0.001263397138  -0.001300015532   0.002028270733   0.000830844783 |
| g3 |  0.000152112429   0.000212905625  -0.000059133113  -0.000009165366  -0.000125643282  -0.000034280393 |
-------------------------------------------------------------------------------------------------------------
                                     ---------------------------------
                                    | R²    :  0.9999998091292276     |
                                    | RMSE  :  0.0011943244333050733  |
                                    | MAE   :  0.0008700564959377488  |
                                     ---------------------------------

      