# R_Bohr c0_mEh c1_mEh c2_mEh c3_mEh c4_mEh c5_mEh c6_mEh c7_mEh c8_mEh c9_mEh c10_mEh c11_mEh c12_mEh c13_mEh c14_mEh c15_mEh c16_mEh c17_mEh c18_mEh
 4.72945900e+00  5.96779510e+01  4.03421361e+00  1.04026758e+02  1.30669507e+01  5.09566677e+01  1.32808580e+01  1.89257374e+01  7.76274153e+00  8.01211267e+00  3.78189878e+00  4.04598539e+00  1.62368072e+00  1.55436266e+00  6.29628465e-01  7.01420395e-01  6.30762441e-01  3.26967892e-01  2.56412790e-01 -7.84646735e-02
 4.78156300e+00  5.48459851e+01  2.99910764e+00  9.64051873e+01  1.15360448e+01  4.70005814e+01  1.20020349e+01  1.72466798e+01  6.86928348e+00  7.13856760e+00  3.35905226e+00  3.54896006e+00  1.44440724e+00  1.38476376e+00  5.82000282e-01  5.97944451e-01  5.81917768e-01  1.59206611e-01  2.91248652e-01 -1.35956436e-01
 4.83366700e+00  5.02057232e+01  2.00056861e+00  8.89770112e+01  1.00393061e+01  4.31495484e+01  1.07494975e+01  1.56136398e+01  6.02554510e+00  6.31812911e+00  2.93999413e+00  3.08577498e+00  1.26488870e+00  1.21718018e+00  5.22384701e-01  4.96853945e-01  5.32586414e-01  2.58114942e-02  3.23157681e-01 -1.82823332e-01
 4.88577200e+00  4.58095240e+01  1.06723258e+00  8.18250034e+01  8.60431276e+00  3.94508741e+01  9.54644804e+00  1.40527649e+01  5.24643961e+00  5.56603512e+00  2.53820691e+00  2.66172847e+00  1.09000708e+00  1.05225247e+00  4.53498415e-01  4.02469319e-01  4.82062655e-01 -6.65892660e-02  3.52178318e-01 -2.18214705e-01
 4.93787600e+00  4.16968604e+01  2.25219502e-01  7.50302068e+01  7.26094964e+00  3.59490916e+01  8.41563836e+00  1.25910672e+01  4.54360083e+00  4.88851264e+00  2.16725029e+00  2.28007702e+00  9.25484676e-01  8.93817158e-01  3.81697485e-01  3.20435138e-01  4.28660089e-01 -1.20515330e-01  3.75481647e-01 -2.41405158e-01
 4.98998000e+00  3.78895257e+01 -5.07776081e-01  6.86572051e+01  6.03446253e+00  3.26792314e+01  7.37534583e+00  1.12492209e+01  3.92343627e+00  4.28424177e+00  1.83730674e+00  1.94227035e+00  7.76908129e-01  7.47040784e-01  3.13408445e-01  2.54265372e-01  3.72112066e-01 -1.44445621e-01  3.89262771e-01 -2.51422551e-01
 5.04208400e+00  3.43920119e+01 -1.12550103e+00  6.27442753e+01  4.94008841e+00  2.96628797e+01  6.43715054e+00  1.00366936e+01  3.38602765e+00  3.74844017e+00  1.55292901e+00  1.64806870e+00  6.48273273e-01  6.15843279e-01  2.52505208e-01  2.03576999e-01  3.14672154e-01 -1.47568644e-01  3.91416364e-01 -2.47863268e-01
 5.09418800e+00  3.11950547e+01 -1.63178678e+00  5.73019486e+01  3.98201441e+00  2.69074812e+01  5.60553013e+00  8.95210342e+00  2.92573010e+00  3.27561979e+00  1.31321083e+00  1.39543215e+00  5.41059626e-01  5.01863820e-01  2.00113484e-01  1.65184268e-01  2.60160727e-01 -1.36981857e-01  3.82620753e-01 -2.32043093e-01
 5.14629300e+00  2.82806079e+01 -2.03648386e+00  5.23187302e+01  3.15586465e+00  2.44083644e+01  4.87869382e+00  7.98727995e+00  2.53338792e+00  2.86019300e+00  1.11369686e+00  1.18063296e+00  4.54291385e-01  4.05089032e-01  1.55846942e-01  1.35374218e-01  2.12127940e-01 -1.17831890e-01  3.65454455e-01 -2.07194284e-01
 5.19839700e+00  2.56263869e+01 -2.35168355e+00  4.77687619e+01  2.45194944e+00  2.21517952e+01  4.24995582e+00  7.13133332e+00  2.19885628e+00  2.49635205e+00  9.48460385e-01  9.98855375e-01  3.85277499e-01  3.24728358e-01  1.18964977e-01  1.11369428e-01  1.72563246e-01 -9.42173293e-02  3.42922071e-01 -1.77520420e-01
 5.25050100e+00  2.32084164e+01 -2.58972100e+00  4.36170168e+01  1.85750053e+00  2.01174731e+01  3.70915167e+00  6.37264997e+00  1.91263505e+00  2.17816481e+00  8.11438408e-01  8.45019829e-01  3.30522929e-01  2.59495727e-01  8.88422904e-02  9.15214283e-02  1.41644934e-01 -6.94634632e-02  3.17526793e-01 -1.46921562e-01
 5.30260500e+00  2.10030947e+01 -2.76237243e+00  3.98242379e+01  1.35830488e+00  1.82815548e+01  3.24430765e+00  5.69970623e+00  1.66660107e+00  1.90001876e+00  6.97131745e-01  7.14508143e-01  2.86518054e-01  2.07573579e-01  6.49544372e-02  7.48920335e-02  1.18240848e-01 -4.59429831e-02  2.91039683e-01 -1.18198516e-01
 5.35470900e+00  1.89884695e+01 -2.88052613e+00  3.63510196e+01  9.39979702e-01  1.66195252e+01  2.84319102e+00  5.10145258e+00  1.45408994e+00  1.65693556e+00  6.00903501e-01  6.03500686e-01  2.50243834e-01  1.66676356e-01  4.67205972e-02  6.08494411e-02  1.00622712e-01 -2.49921054e-02  2.64614215e-01 -9.29081047e-02
 5.40681400e+00  1.71451911e+01 -2.95388895e+00  3.31614218e+01  5.89109150e-01  1.51087531e+01  2.49457243e+00  4.56779877e+00  1.26974227e+00  1.44465956e+00  5.19077527e-01  5.08988541e-01  2.19401102e-01  1.34338024e-01  3.34115165e-02  4.88869547e-02  8.70477592e-02 -7.10351400e-03  2.38961459e-01 -7.16119371e-02
 5.45891800e+00  1.54571665e+01 -2.99074598e+00  3.02256500e+01  2.94105339e-01  1.37303118e+01  2.18903712e+00  4.09012248e+00  1.10931469e+00  1.25959162e+00  4.48904523e-01  4.28623015e-01  1.92432019e-01  1.08281087e-01  2.41637391e-02  3.85956059e-02  7.60919653e-02  7.74070919e-03  2.14490820e-01 -5.42222933e-02
 5.51102200e+00  1.39112863e+01 -2.99789985e+00  2.75204319e+01  4.55495839e-02  1.24693895e+01  1.91921360e+00  3.66142849e+00  9.69455833e-01  1.09861169e+00  3.88409079e-01  3.60510948e-01  1.68406511e-01  8.66899598e-02  1.80590663e-02  2.96744947e-02  6.67611527e-02  1.97790258e-02  1.91409784e-01 -4.02875030e-02
 5.56312600e+00  1.24970055e+01 -2.98078989e+00  2.50284470e+01 -1.63845167e-01  1.13150049e+01  1.67965433e+00  3.27628267e+00  8.47520047e-01  9.58944888e-01  3.36195662e-01  3.03061145e-01  1.46855091e-01  6.83231182e-02  1.42229639e-02  2.19249057e-02  5.84640618e-02  2.92968631e-02  1.69807347e-01 -2.91969605e-02
 5.61523000e+00  1.12054685e+01 -2.94375239e+00  2.27364773e+01 -3.39614846e-01  1.02589709e+01  1.46643429e+00  2.93044631e+00  7.41367728e-01  8.38046409e-01  2.91240779e-01  2.54873263e-01  1.27590343e-01  5.24666723e-02  1.19012857e-02  1.52192883e-02  5.09172310e-02  3.65641586e-02  1.49715990e-01 -2.03185068e-02
 5.66733500e+00  1.00286472e+01 -2.89031528e+00  2.06333547e+01 -4.86042219e-01  9.29470349e+00  1.27667416e+00  2.62042627e+00  6.49187815e-01  7.33540460e-01  2.52720641e-01  2.14674929e-01  1.10553974e-01  3.87929146e-02  1.05011742e-02  9.46399463e-03  4.40341389e-02  4.18333902e-02  1.31150420e-01 -1.30900041e-02
 5.71943900e+00  8.95880128e+00 -2.82345722e+00  1.87084712e+01 -6.06607512e-01  8.41629971e+00  1.10812731e+00  2.34311025e+00  5.69367992e-01  6.43214604e-01  2.19897363e-01  1.81297137e-01  9.57081746e-02  2.71920934e-02  9.59683989e-03  4.57283999e-03  3.78277736e-02  4.53534817e-02  1.14123662e-01 -7.07383554e-03
 5.77154300e+00  7.98802318e+00 -2.74577611e+00  1.69505693e+01 -7.04342942e-01  7.61779457e+00  9.58844971e-01  2.09548354e+00  5.00398894e-01  5.65024893e-01  1.92054332e-01  1.53664140e-01  8.29704134e-02  1.76244994e-02  8.91004386e-03  4.55928124e-04  3.23373941e-02  4.73773984e-02  9.86413526e-02 -1.97519525e-03
 5.82364700e+00  7.10830225e+00 -2.65958715e+00  1.53476392e+01 -7.82013945e-01  6.89299228e+00  8.27007712e-01  1.87456029e+00  4.40846949e-01  4.97133528e-01  1.68483894e-01  1.30802436e-01  7.21922169e-02  1.00240157e-02  8.27838642e-03 -2.97771088e-03  2.75847744e-02  4.81569506e-02  8.46916806e-02  2.36869109e-03
 5.87575200e+00  6.31165575e+00 -2.56695559e+00  1.38871076e+01 -8.42197100e-01  6.23549226e+00  7.10845698e-01  1.67739934e+00  3.89355980e-01  4.37931724e-01  1.48498778e-01  1.11848544e-01  6.31652583e-02  4.25254265e-03  7.62148653e-03 -5.81316489e-03  2.35545597e-02  4.79318039e-02  7.22348666e-02  6.02176854e-03
 5.92785600e+00  5.59043899e+00 -2.46970859e+00  1.25564732e+01 -8.87276269e-01  5.63896438e+00  6.08646901e-01  1.50120711e+00  3.44676861e-01  3.86057107e-01  1.31458070e-01  9.60570879e-02  5.56447816e-02  9.68220222e-05  6.91183969e-03 -8.12393882e-03  2.01935928e-02  4.69189211e-02  6.12010580e-02  8.99161636e-03
 5.97996000e+00  4.93748666e+00 -2.36942125e+00  1.13436968e+01 -9.19420607e-01  5.09734048e+00  5.18779487e-01  1.34341308e+00  3.05692090e-01  3.40383187e-01  1.16789441e-01  8.28002619e-02  4.93760800e-02 -2.71046788e-03  6.15278258e-03 -9.97130134e-03  1.74205915e-02  4.53063740e-02  5.14932986e-02  1.12707232e-02
 6.03206400e+00  4.34632973e+00 -2.26742586e+00  1.02377460e+01 -9.40552737e-01  4.60508314e+00  4.39743509e-01  1.20175730e+00  2.71442642e-01  3.00004754e-01  1.04008242e-01  7.15650868e-02  4.41193196e-02 -4.45857531e-03  5.36371550e-03 -1.14070246e-02  1.51410138e-02  4.32521740e-02  4.29978015e-02  1.28667672e-02
 6.08416800e+00  3.81123515e+00 -2.16482323e+00  9.22879639e+00 -9.52340698e-01  4.15729493e+00  3.70199986e-01  1.07431659e+00  2.41135762e-01  2.64206058e-01  9.27247551e-02  6.19435034e-02  3.96656665e-02 -5.42847522e-03  4.57088085e-03 -1.24779899e-02  1.32608952e-02  4.08866241e-02  3.55944212e-02  1.38191769e-02
 6.13627300e+00  3.32716561e+00 -2.06250367e+00  8.30824933e+00 -9.56209122e-01  3.74973388e+00  3.08982924e-01  9.59491470e-01  2.14138544e-01  2.32423728e-01  8.26420113e-02  5.36188994e-02  3.58447100e-02 -5.87015800e-03  3.80189445e-03 -1.32299207e-02  1.16971291e-02  3.83162269e-02  2.91659247e-02  1.42020379e-02
 6.18837700e+00  2.88972556e+00 -1.96118395e+00  7.46868648e+00 -9.53366066e-01  3.37878829e+00  2.55099160e-01  8.55973286e-01  1.89962123e-01  2.04211997e-01  7.35468322e-02  4.63513283e-02  3.25247101e-02 -5.98955520e-03  3.08254130e-03 -1.37088660e-02  1.03831512e-02  3.56280132e-02  2.36050252e-02  1.41168522e-02
 6.24048100e+00  2.49498935e+00 -1.86142664e+00  6.70356767e+00 -9.44838439e-01  3.04132777e+00  2.07703643e-01  7.62673756e-01  1.68233585e-01  1.79205489e-01  6.52939957e-02  3.99607916e-02  2.96070839e-02 -5.94440100e-03  2.43459774e-03 -1.39605426e-02  9.26987478e-03  3.28928083e-02  1.88170682e-02  1.36799056e-02
 6.29258500e+00  2.13942494e+00 -1.76367727e+00  6.00708524e+00 -9.31507324e-01  2.73461850e+00  1.66079727e-01  6.78674466e-01  1.48670813e-01  1.57094410e-01  5.77902081e-02  3.43131659e-02  2.70192551e-02 -5.84661442e-03  1.87447965e-03 -1.40280822e-02  8.32359254e-03  3.01682392e-02  1.47212805e-02  1.30085087e-02
 6.34468900e+00  1.81978973e+00 -1.66828769e+00  5.37395102e+00 -9.14139409e-01  2.45620775e+00  1.29612084e-01  6.03172589e-01  1.31056298e-01  1.37603931e-01  5.09773615e-02  2.93073203e-02  2.47069388e-02 -5.76870295e-03  1.41235098e-03 -1.39495746e-02  7.52184514e-03  2.75008426e-02  1.12494822e-02  1.22094411e-02
 6.39679400e+00  1.53305879e+00 -1.57553464e+00  4.79923887e+00 -8.93410909e-01  2.20383566e+00  9.77628953e-02  5.35440446e-01  1.15215371e-01  1.20481001e-01  4.48179239e-02  2.48648569e-02  2.26276966e-02 -5.75180930e-03  1.05180033e-03 -1.37562856e-02  6.84883263e-03  2.49276778e-02  8.34380419e-03  1.13711835e-02
 6.44889800e+00  1.27640720e+00 -1.48564211e+00  4.27833444e+00 -8.69926320e-01  1.97539848e+00  7.00556592e-02  4.74805167e-01  1.01001093e-01  1.05488658e-01  3.92839649e-02  2.09228824e-02  2.07465428e-02 -5.81374210e-03  7.90144845e-04 -1.34721161e-02  6.29148548e-03  2.24778247e-02  5.95428374e-03  1.05603477e-02
 6.50100200e+00  1.04715997e+00 -1.39878172e+00  3.80682323e+00 -8.44227000e-01  1.76888971e+00  4.60581911e-02  4.20627536e-01  8.82812751e-02  9.24013905e-02  3.43484233e-02  1.74283184e-02  1.90330289e-02 -5.95600821e-03  6.19228695e-04 -1.31142577e-02  5.83664278e-03  2.01731069e-02  4.03602372e-03  9.82143159e-03
 6.55310600e+00  8.42811664e-01 -1.31508769e+00  3.38052433e+00 -8.16799294e-01  1.58240961e+00  2.53764948e-02  3.72302742e-01  7.69329160e-02  8.10064800e-02  2.99808012e-02  1.43350103e-02  1.74602351e-02 -6.16945100e-03  5.26730334e-04 -1.26947778e-02  5.46978649e-03  1.80290776e-02  2.54732636e-03  9.17915775e-03
 6.60521000e+00  6.61024550e-01 -1.23466034e+00  2.99548755e+00 -7.88078087e-01  1.41416204e+00  7.64908491e-03  3.29259701e-01  6.68383549e-02  7.11048971e-02  2.61449617e-02  1.16018132e-02  1.60045442e-02 -6.43847881e-03  4.97679967e-04 -1.22225727e-02  5.17497066e-03  1.60555648e-02  1.44807676e-03  8.64204546e-03
 6.65731500e+00  4.99630766e-01 -1.15756838e+00  2.64800355e+00 -7.58448846e-01  1.26245913e+00 -7.45588067e-03  2.90963353e-01  5.78838118e-02  6.25126633e-02  2.27990176e-02  9.19164789e-03  1.46459097e-02 -6.74410767e-03  5.16022482e-04 -1.17052118e-02  4.93564350e-03  1.42571052e-02  6.98736730e-04  8.20640772e-03
 6.70941900e+00  3.56646944e-01 -1.08385747e+00  2.33464507e+00 -7.28252183e-01  1.12574068e+00 -2.02407524e-02  2.56920653e-01  4.99600843e-02  5.50626629e-02  1.98968451e-02  7.07128719e-03  1.33683327e-02 -7.06607124e-03  5.66025429e-04 -1.11503872e-02  4.73591854e-03  1.26334936e-02  2.59904526e-04  7.86020066e-03
 6.76152300e+00  2.30254157e-01 -1.01354353e+00  2.05223593e+00 -6.97782849e-01  1.00256233e+00 -3.09808682e-02  2.26678232e-01  4.29622164e-02  4.86042296e-02  1.73896522e-02  5.21089792e-03  1.21599123e-02 -7.38436365e-03  6.33403901e-04 -1.05666550e-02  4.56181423e-03  1.11800195e-02  9.21499195e-05  7.58628297e-03
 6.81362700e+00  1.18804793e-01 -9.46620595e-01  1.79787879e+00 -6.67294776e-01  8.91609005e-01 -3.99241295e-02  1.99825895e-01  3.67911174e-02  4.30037492e-02  1.52283808e-02  3.58407318e-03  1.10128756e-02 -7.68030883e-03  7.06083264e-04 -9.96367648e-03  4.40224992e-03  9.88814536e-03  1.56304501e-04  7.36513773e-03
 6.86573100e+00  2.08097787e-02 -8.83061176e-01  1.56894050e+00 -6.37003650e-01  7.91689470e-01 -4.72924051e-02  1.75994763e-01  3.13542405e-02  3.81438447e-02  1.33656071e-02  2.16755741e-03  9.92318986e-03 -7.93738089e-03  7.74595947e-04 -9.35193432e-03  4.24956582e-03  8.74613579e-03  4.13876817e-04  7.17693877e-03
 6.91783600e+00 -6.50749310e-02 -8.22817052e-01  1.36303401e+00 -6.07089733e-01  7.01728685e-01 -5.32831217e-02  1.54854558e-01  2.65661635e-02  3.39222522e-02  1.17571022e-02  9.40908574e-04  8.88995481e-03 -8.14181562e-03  8.32153764e-04 -8.74215208e-03  4.09956127e-03  7.73982945e-03  8.27609364e-04  7.00308185e-03
 6.96994000e+00 -1.40055259e-01 -7.65825910e-01  1.17801499e+00 -5.77703666e-01  6.20766098e-01 -5.80706709e-02  1.36112037e-01  2.23493614e-02  3.02508227e-02  1.03630691e-02 -1.13798310e-04  7.91475529e-03 -8.28302175e-03  8.74461762e-04 -8.14466076e-03  3.95113032e-03  6.85359222e-03  1.36202867e-03  6.82727380e-03
 7.02204400e+00 -2.05222374e-01 -7.12006634e-01  1.01193703e+00 -5.48966522e-01  5.47935430e-01 -6.18091729e-02  1.19505020e-01  1.86338189e-02  2.70536017e-02  9.14859673e-03 -1.01253131e-03  7.00076856e-03 -8.35384963e-03  8.99374466e-04 -7.56868970e-03  3.80557615e-03  6.07110747e-03  1.98405201e-03  6.63620631e-03
 7.07414800e+00 -2.61558881e-01 -6.61266334e-01  8.63046127e-01 -5.20975499e-01  4.82461362e-01 -6.46341784e-02  1.04800476e-01  1.53573367e-02  2.42656988e-02  8.08400139e-03 -1.76961506e-03  6.15209854e-03 -8.35063374e-03  9.06454272e-04 -7.02191875e-03  3.66580596e-03  5.37631759e-03  2.66343936e-03  6.41994152e-03
 7.12625300e+00 -3.09953401e-01 -6.13500684e-01  7.29753205e-01 -4.93806007e-01  4.23646477e-01 -6.66649928e-02  9.17904587e-02  1.24651110e-02  2.18317382e-02  7.14464643e-03 -2.39813563e-03  5.37307558e-03 -8.27307221e-03  8.96518442e-04 -6.51015613e-03  3.53549425e-03  4.75414409e-03  3.37318404e-03  6.17200645e-03
 7.17835700e+00 -3.51207688e-01 -5.68599915e-01  6.10624832e-01 -4.67516682e-01  3.70866165e-01 -6.80065826e-02  8.02900061e-02  9.90951957e-03  1.97047081e-02  6.31063515e-03 -2.91019958e-03  4.66776120e-03 -8.12394553e-03  8.71220294e-04 -6.03727556e-03  3.41835118e-03  4.19112444e-03  4.08969688e-03  5.88929242e-03
 7.23046100e+00 -3.86051507e-01 -5.26445621e-01  5.04350813e-01 -4.42148903e-01  3.23553374e-01 -6.87516701e-02  7.01329813e-02  7.64924434e-03  1.78444686e-02  5.56616946e-03 -3.31723729e-03  4.03942884e-03 -7.90868229e-03  8.32693737e-04 -5.60522968e-03  3.31752336e-03  3.67574039e-03  4.79299111e-03  5.57172823e-03
 7.28256500e+00 -4.15146820e-01 -4.86916618e-01  4.09739891e-01 -4.17731274e-01  2.81195812e-01 -6.89822108e-02  6.11708198e-02  5.64887622e-03  1.62168583e-02  4.89901279e-03 -3.63011139e-03  3.49031938e-03 -7.63484132e-03  7.83279301e-04 -5.21429283e-03  3.23520881e-03  3.19866870e-03  5.46660022e-03  5.22186780e-03
 7.33466900e+00 -4.39095651e-01 -4.49889912e-01  3.25704419e-01 -3.94281179e-01  2.43328412e-01 -6.87708583e-02  5.32703426e-02  3.87819093e-03  1.47926917e-02  4.29984450e-03 -3.85922428e-03  3.02143423e-03 -7.31153532e-03  7.25329980e-04 -4.86333536e-03  3.17244811e-03  2.75278682e-03  6.09744967e-03  4.84436909e-03
 7.38677400e+00 -4.58446286e-01 -4.15241724e-01  2.51248388e-01 -3.71806181e-01  2.09527353e-01 -6.81821511e-02  4.63120103e-02  2.31144535e-03  1.35469123e-02  3.76165332e-03 -4.01456232e-03  2.63243780e-03 -6.94883794e-03  6.61087220e-04 -4.55013841e-03  3.12908518e-03  2.33302919e-03  6.67563430e-03  4.44542779e-03
 7.43887800e+00 -4.73696904e-01 -3.82851489e-01  1.85464011e-01 -3.50307296e-01  1.79408079e-01 -6.72735684e-02  4.01890616e-02  9.26835126e-04  1.24579818e-02  3.27923884e-03 -4.10568817e-03  2.32167990e-03 -6.55725502e-03  5.92620522e-04 -4.27173651e-03  3.10386431e-03  1.93616777e-03  7.19407621e-03  4.03224845e-03
 7.49098200e+00 -4.85302134e-01 -3.52598990e-01  1.27515628e-01 -3.29777752e-01  1.52617639e-01 -6.60962939e-02  3.48055270e-02 -2.94306051e-04  1.15071467e-02  2.84868464e-03 -4.14173527e-03  2.08621416e-03 -6.14718335e-03  5.21795962e-04 -4.02467339e-03  3.09461182e-03  1.56043923e-03  7.64825269e-03  3.61247075e-03
 7.54308600e+00 -4.93675288e-01 -3.24367917e-01  7.66391647e-02 -3.10205869e-01  1.28834177e-01 -6.46959463e-02  3.00757342e-02 -1.36795000e-03  1.06780472e-02  2.46701401e-03 -4.13135667e-03  1.92194640e-03 -5.72851804e-03  4.50283430e-04 -3.80527497e-03  3.09847948e-03  1.20521980e-03  8.03579551e-03  3.19373063e-03
 7.59519000e+00 -4.99192128e-01 -2.98045800e-01  3.21350572e-02 -2.91575584e-01  1.07763545e-01 -6.31131480e-02  2.59232318e-02 -2.30790930e-03  9.95629039e-03  2.13186868e-03 -4.08268489e-03  1.82378317e-03 -5.31031619e-03  3.79571554e-04 -3.60984095e-03  3.11220174e-03  8.70660613e-04  8.35615078e-03  2.78325944e-03
 7.64729500e+00 -5.02193902e-01 -2.73523984e-01 -6.63732214e-03 -2.73866933e-01  8.91366422e-02 -6.13839766e-02  2.22798740e-02 -3.12628580e-03  9.32911578e-03  1.84126265e-03 -4.00328719e-03  1.78581530e-03 -4.90055300e-03  3.10986756e-04 -3.43478938e-03  3.13234562e-03  5.57353783e-04  8.61024979e-03  2.38756841e-03
 7.69939900e+00 -5.02989876e-01 -2.50699717e-01 -4.02611727e-02 -2.57058069e-01  7.27087697e-02 -5.95405178e-02  1.90853075e-02 -3.83377366e-03  8.78518303e-03  1.59342296e-03 -3.90013483e-03  1.80151855e-03 -4.50600610e-03  2.45716746e-04 -3.27677170e-03  3.15553002e-03  2.66074748e-04  8.80018632e-03  2.01225797e-03
 7.75150300e+00 -5.01860154e-01 -2.29473451e-01 -6.92707004e-02 -2.41123804e-01  5.82556890e-02 -5.76110288e-02  1.62858284e-02 -4.44004893e-03  8.31429680e-03  1.38662604e-03 -3.77956472e-03  1.86395326e-03 -4.13214180e-03  1.84815395e-04 -3.13271622e-03  3.17860899e-03 -2.47799152e-06  8.92897606e-03  1.66183495e-03
 7.80360700e+00 -4.99057689e-01 -2.09750761e-01 -9.41517353e-02 -2.26037463e-01  4.55734693e-02 -5.56203938e-02  1.38339947e-02 -4.95393746e-03  7.90729738e-03  1.21913138e-03 -3.64726595e-03  1.96596803e-03 -3.78314871e-03  1.29214348e-04 -2.99987507e-03  3.19880534e-03 -2.47822021e-04  9.00030329e-03  1.33968161e-03
 7.85571100e+00 -4.94810496e-01 -1.91441789e-01 -1.15345984e-01 -2.11770950e-01  3.44766210e-02 -5.35903865e-02  1.16879236e-02 -5.38360863e-03  7.55592466e-03  1.08911834e-03 -3.50826997e-03  2.10038658e-03 -3.46198613e-03  7.97219886e-05 -2.87583117e-03  3.21380023e-03 -4.69802520e-04  9.01833022e-03  1.04805064e-03
 7.90781600e+00 -4.89323509e-01 -1.74460812e-01 -1.33254609e-01 -1.98294848e-01  2.47965461e-02 -5.15399021e-02  9.81067419e-03 -5.73671050e-03  7.25271726e-03  9.94652160e-04 -3.36694982e-03  2.26018162e-03 -3.17047594e-03  3.70186225e-05 -2.75849106e-03  3.22178021e-03 -6.68648956e-04  8.98753383e-03  7.88115212e-04
 7.95992000e+00 -4.82780891e-01 -1.58727362e-01 -1.48240008e-01 -1.85579736e-01  1.63809682e-02 -4.94853687e-02  8.16984803e-03 -6.02043336e-03  6.99096054e-03  9.33676806e-04 -3.22704265e-03  2.43861075e-03 -2.90944893e-03  1.65319530e-06 -2.64607879e-03  3.22144721e-03 -8.44969728e-04  8.91257734e-03  5.60082141e-04
 8.01202400e+00 -4.75347134e-01 -1.44164095e-01 -1.60630817e-01 -1.73594909e-01  9.09161146e-03 -4.74407487e-02  6.73687809e-03 -6.24160781e-03  6.76459298e-03  9.04004144e-04 -3.09165413e-03  2.62935896e-03 -2.67885186e-03 -2.59683563e-05 -2.53710186e-03  3.21200067e-03 -9.99750532e-04  8.79820059e-03  3.63282818e-04
 8.06412800e+00 -4.67169101e-01 -1.30697941e-01 -1.70723269e-01 -1.62309653e-01  2.80382421e-03 -4.54179209e-02  5.48672470e-03 -6.40670973e-03  6.56818225e-03  9.03331813e-04 -2.96329802e-03  2.82662445e-03 -2.47791704e-03 -4.55849013e-05 -2.43033710e-03  3.19309601e-03 -1.13428990e-03  8.64913731e-03  1.96330544e-04
 8.11623200e+00 -4.58377469e-01 -1.18259581e-01 -1.78784227e-01 -1.51693183e-01 -2.59470249e-03 -4.34268535e-02  4.39742578e-03 -6.52188351e-03  6.39687815e-03  9.29258047e-04 -2.84392895e-03  3.02519301e-03 -2.30530140e-03 -5.70833603e-05 -2.32480461e-03  3.16478928e-03 -1.25013921e-03  8.47004838e-03  5.72584998e-05
 8.16833700e+00 -4.49087994e-01 -1.06783054e-01 -1.85053793e-01 -1.41714640e-01 -7.20504114e-03 -4.14757664e-02  3.44970872e-03 -6.59294703e-03  6.24637380e-03  9.79304561e-04 -2.73498153e-03  3.22048807e-03 -2.15922141e-03 -6.04973403e-05 -2.21974244e-03  3.12747219e-03 -1.34903301e-03  8.26546514e-03 -5.63401630e-05
 8.22044100e+00 -4.39403580e-01 -9.62064627e-02 -1.89747226e-01 -1.32344006e-01 -1.11176581e-02 -3.95714677e-02  2.62672741e-03 -6.62538366e-03  6.11288308e-03  1.05093694e-03 -2.63742396e-03  3.40857883e-03 -2.03758945e-03 -5.60015993e-05 -2.11459254e-03  3.08180779e-03 -1.43280931e-03  8.03976419e-03 -1.47169192e-04
 8.27254500e+00 -4.29414476e-01 -8.64704858e-02 -1.93057866e-01 -1.23551095e-01 -1.44138552e-02 -3.77193035e-02  1.91365653e-03 -6.62434343e-03  5.99309101e-03  1.14159679e-03 -2.55179401e-03  3.58620519e-03 -1.93810883e-03 -4.39030010e-05 -2.00896778e-03  3.02865958e-03 -1.50335227e-03  7.79711111e-03 -2.18118747e-04
 8.32464900e+00 -4.19200155e-01 -7.75191379e-02 -1.95158696e-01 -1.15306460e-01 -1.71662615e-02 -3.59234704e-02  1.29750328e-03 -6.59462926e-03  5.88413354e-03  1.24872527e-03 -2.47825818e-03  3.75074718e-03 -1.85838166e-03 -2.46270801e-05 -1.90264029e-03  2.96903169e-03 -1.56252297e-03  7.54145018e-03 -2.72146960e-04
 8.37675400e+00 -4.08830032e-01 -6.92992513e-02 -1.96204400e-01 -1.07581160e-01 -1.94397717e-02 -3.41870946e-02  7.66846083e-04 -6.54069103e-03  5.78356052e-03  1.36979282e-03 -2.41665966e-03  3.90020135e-03 -1.79598551e-03  1.29831846e-06 -1.79551873e-03  2.90401057e-03 -1.61211044e-03  7.27647563e-03 -3.12189446e-04
 8.42885800e+00 -3.98365270e-01 -6.17609692e-02 -1.96333080e-01 -1.00347437e-01 -2.12921290e-02 -3.25124999e-02  3.11669769e-04 -6.46662632e-03  5.68931093e-03  1.50231532e-03 -2.36657393e-03  4.03312816e-03 -1.74854345e-03  3.32589854e-05 -1.68763866e-03  2.83472103e-03 -1.65378654e-03  7.00563693e-03 -3.41079167e-04
 8.48096200e+00 -3.87858520e-01 -5.48566844e-02 -1.95667998e-01 -9.35779107e-02 -2.27748795e-02 -3.09011326e-02 -7.68734412e-05 -6.37617360e-03  5.59966899e-03  1.64389222e-03 -2.32735146e-03  4.14861934e-03 -1.71376854e-03  7.05766784e-05 -1.57913303e-03  2.76227763e-03 -1.68908086e-03  6.73209716e-03 -3.61489537e-04
 8.53306600e+00 -3.77355557e-01 -4.85415750e-02 -1.94318970e-01 -8.72462471e-02 -2.39338302e-02 -2.93538071e-02 -4.06576797e-04 -6.27271903e-03  5.51323969e-03  1.79221956e-03 -2.29817033e-03  4.24623072e-03 -1.68950773e-03  1.12526992e-04 -1.47022386e-03  2.68775656e-03 -1.71935608e-03  6.45874576e-03 -3.75884758e-04
 8.58517000e+00 -3.66895866e-01 -4.27733378e-02 -1.92383755e-01 -8.13270593e-02 -2.48096844e-02 -2.78707729e-02 -6.84324378e-04 -6.15930247e-03  5.42891494e-03  1.94511196e-03 -2.27807989e-03  4.32592685e-03 -1.67376824e-03  1.58359187e-04 -1.36120423e-03  2.61216900e-03 -1.74579774e-03  6.18818939e-03 -3.86488056e-04
 8.63727500e+00 -3.56513147e-01 -3.75119949e-02 -1.89949243e-01 -7.57958475e-02 -2.54385896e-02 -2.64517767e-02 -9.16211281e-04 -6.03862530e-03  5.34584089e-03  2.10052276e-03 -2.26604206e-03  4.38802282e-03 -1.66473549e-03  2.07315525e-04 -1.25242081e-03  2.53644134e-03 -1.76941130e-03  5.92274594e-03 -3.95261391e-04
 8.68937900e+00 -3.46236748e-01 -3.27201947e-02 -1.87092764e-01 -7.06294468e-02 -2.58525825e-02 -2.50962494e-02 -1.10762684e-03 -5.91307319e-03  5.26339417e-03  2.25654637e-03 -2.26096971e-03  4.43312159e-03 -1.66078372e-03  2.58644282e-04 -1.14426765e-03  2.46140882e-03 -1.79102382e-03  5.66446665e-03 -4.03894924e-04
 8.74148300e+00 -3.36091045e-01 -2.83625166e-02 -1.83882817e-01 -6.58054116e-02 -2.60801028e-02 -2.38032121e-02 -1.26336732e-03 -5.78471798e-03  5.18114371e-03  2.41144756e-03 -2.26175880e-03  4.46206536e-03 -1.66047835e-03  3.11620280e-04 -1.03715986e-03  2.38780003e-03 -1.81129541e-03  5.41511015e-03 -4.13806971e-04
 8.79358700e+00 -3.26096759e-01 -2.44057963e-02 -1.80380156e-01 -6.13024564e-02 -2.61463406e-02 -2.25714462e-02 -1.38769150e-03 -5.65534496e-03  5.09882989e-03  2.56365798e-03 -2.26731850e-03  4.47587817e-03 -1.66257479e-03  3.65553857e-04 -9.31529190e-04  2.31624048e-03 -1.83073008e-03  5.17617006e-03 -4.26149590e-04
 8.84569100e+00 -3.16271213e-01 -2.08189331e-02 -1.76638565e-01 -5.71003482e-02 -2.60736091e-02 -2.13995187e-02 -1.48438919e-03 -5.52647018e-03  5.01633759e-03  2.71178457e-03 -2.27659557e-03  4.47571932e-03 -1.66601211e-03  4.19802118e-04 -8.27810304e-04  2.24725246e-03 -1.84969179e-03  4.94887931e-03 -4.41820789e-04
 8.89779600e+00 -3.06628565e-01 -1.75727455e-02 -1.72705510e-01 -5.31798269e-02 -2.58816611e-02 -2.02858062e-02 -1.55683723e-03 -5.39935873e-03  4.93367102e-03  2.85461488e-03 -2.28859492e-03  4.46283987e-03 -1.66990387e-03  4.73777939e-04 -7.26428390e-04  2.18125793e-03 -1.86842190e-03  4.73421760e-03 -4.61481352e-04
 8.94990000e+00 -2.97180908e-01 -1.46401288e-02 -1.68623103e-01 -4.95228866e-02 -2.55879922e-02 -1.92286186e-02 -1.60804161e-03 -5.27505578e-03  4.85093854e-03  2.99110609e-03 -2.30239460e-03  4.43854575e-03 -1.67352622e-03  5.26951507e-04 -6.27797778e-04  2.11858978e-03 -1.88705582e-03  4.53294090e-03 -4.85572827e-04
 9.00200400e+00 -2.87937481e-01 -1.19955984e-02 -1.64428233e-01 -4.61123053e-02 -2.52080737e-02 -1.82261034e-02 -1.64068657e-03 -5.15439346e-03  4.76832345e-03  3.12039895e-03 -2.31715932e-03  4.40416336e-03 -1.67630529e-03  5.78860073e-04 -5.32302481e-04  2.05949184e-03 -1.90564296e-03  4.34557149e-03 -5.14341459e-04
 9.05410800e+00 -2.78905701e-01 -9.61546095e-03 -1.60153387e-01 -4.29319248e-02 -2.47555917e-02 -1.72763608e-02 -1.65716397e-03 -5.03802196e-03  4.68607268e-03  3.24180179e-03 -2.33214777e-03  4.36101241e-03 -1.67780281e-03  6.29105336e-04 -4.40297648e-04  2.00413263e-03 -1.92416275e-03  4.17243071e-03 -5.47859651e-04
 9.10621200e+00 -2.70091226e-01 -7.47766633e-03 -1.55827052e-01 -3.99665438e-02 -2.42426452e-02 -1.63774452e-02 -1.65960580e-03 -4.92642800e-03  4.60447938e-03  3.35478651e-03 -2.34671769e-03  4.31038271e-03 -1.67770164e-03  6.77354297e-04 -3.52102576e-04  1.95261303e-03 -1.94254119e-03  4.01365161e-03 -5.86049627e-04
 9.15831700e+00 -2.61498013e-01 -5.56169012e-03 -1.51474047e-01 -3.72018322e-02 -2.36799126e-02 -1.55273694e-02 -1.64991083e-03 -4.81995296e-03  4.52386742e-03  3.45898183e-03 -2.36032795e-03  4.25351447e-03 -1.67579118e-03  7.23338428e-04 -2.67995442e-04  1.90497452e-03 -1.96066611e-03  3.86919387e-03 -6.28707445e-04
 9.21042100e+00 -2.53129172e-01 -3.84859523e-03 -1.47116237e-01 -3.46245040e-02 -2.30768533e-02 -1.47241849e-02 -1.62976938e-03 -4.71882016e-03  4.44458524e-03  3.55415546e-03 -2.37253664e-03  4.19158827e-03 -1.67195319e-03  7.66847263e-04 -1.88217237e-04  1.86121164e-03 -1.97839901e-03  3.73887259e-03 -6.75522132e-04
 9.26252500e+00 -2.44986142e-01 -2.32073134e-03 -1.42772369e-01 -3.22219601e-02 -2.24417807e-02 -1.39658985e-02 -1.60068320e-03 -4.62314067e-03  4.36698590e-03  3.64021492e-03 -2.38299953e-03  4.12570783e-03 -1.66614777e-03  8.07729790e-04 -1.12960792e-04  1.82127495e-03 -1.99558877e-03  3.62235961e-03 -7.26102040e-04
 9.31462900e+00 -2.37069507e-01 -9.61806830e-04 -1.38458708e-01 -2.99824646e-02 -2.17820286e-02 -1.32505490e-02 -1.56398477e-03 -4.53293848e-03  4.29142413e-03  3.71718728e-03 -2.39146397e-03  4.05689679e-03 -1.65840031e-03  8.45886214e-04 -4.23770685e-05  1.78508268e-03 -2.01208003e-03  3.51921285e-03 -7.79991773e-04
 9.36673300e+00 -2.29378959e-01  2.43227498e-04 -1.34189229e-01 -2.78950481e-02 -2.11040484e-02 -1.25762000e-02 -1.52085408e-03 -4.44816399e-03  4.21824690e-03  3.78520859e-03 -2.39776260e-03  3.98609313e-03 -1.64878917e-03  8.81263690e-04  2.34258163e-05  1.75252689e-03 -2.02772167e-03  3.42889087e-03 -8.36691528e-04
 9.41883800e+00 -2.21913273e-01  1.30827320e-03 -1.29975779e-01 -2.59494311e-02 -2.04134923e-02 -1.19409354e-02 -1.47233275e-03 -4.36870673e-03  4.14778558e-03  3.84451197e-03 -2.40180578e-03  3.91414558e-03 -1.63743409e-03  9.13851429e-04  8.43822523e-05  1.72347938e-03 -2.04237355e-03  3.35076850e-03 -8.95675141e-04
 9.47094200e+00 -2.14670979e-01  2.24607860e-03 -1.25828625e-01 -2.41361289e-02 -1.97153514e-02 -1.13429134e-02 -1.41934160e-03 -4.29441418e-03  4.08035583e-03  3.89541012e-03 -2.40357274e-03  3.84181912e-03 -1.62448669e-03  9.43672617e-04  1.40462436e-04  1.69779954e-03 -2.05591038e-03  3.28415886e-03 -9.56400654e-04
 9.52304600e+00 -2.07649589e-01  3.06843219e-03 -1.21756164e-01 -2.24461867e-02 -1.90139519e-02 -1.07802982e-02 -1.36268755e-03 -4.22509417e-03  4.01624510e-03  3.93828922e-03 -2.40310311e-03  3.76978820e-03 -1.61011982e-03  9.70782560e-04  1.91676757e-04  1.67533579e-03 -2.06822696e-03  3.22831980e-03 -1.01833047e-03
 9.57515000e+00 -2.00846252e-01  3.78614703e-03 -1.17765428e-01 -2.08712923e-02 -1.83130742e-02 -1.02513132e-02 -1.30307859e-03 -4.16053109e-03  3.95571464e-03  3.97359155e-03 -2.40048724e-03  3.69864516e-03 -1.59452010e-03  9.95260662e-04  2.38067993e-04  1.65593201e-03 -2.07923943e-03  3.18247453e-03 -1.08093842e-03
 9.62725500e+00 -1.94257558e-01  4.40915946e-03 -1.13862095e-01 -1.94036707e-02 -1.76159868e-02 -9.75422198e-03 -1.24113213e-03 -4.10049209e-03  3.89899442e-03  4.00180507e-03 -2.39585700e-03  3.62890143e-03 -1.57788016e-03  1.01720627e-03  2.79709985e-04  1.63942998e-03 -2.08888703e-03  3.14582278e-03 -1.14372189e-03
 9.67935900e+00 -1.87880099e-01  4.94654597e-03 -1.10050927e-01 -1.80361574e-02 -1.69255520e-02 -9.28736840e-03 -1.17738930e-03 -4.04473911e-03  3.84628555e-03  4.02344986e-03 -2.38937709e-03  3.56099751e-03 -1.56039369e-03  1.03673215e-03  3.16701063e-04  1.62567331e-03 -2.09713171e-03  3.11755564e-03 -1.20620514e-03
 9.73146300e+00 -1.81709767e-01  5.40665466e-03 -1.06335457e-01 -1.67619941e-02 -1.62441937e-02 -8.84912073e-03 -1.11231656e-03 -3.99302830e-03  3.79775253e-03  4.03907059e-03 -2.38123587e-03  3.49530011e-03 -1.54224832e-03  1.05396255e-03  3.49165310e-04  1.61450762e-03 -2.10395892e-03  3.09686246e-03 -1.26795303e-03
 9.78356700e+00 -1.75742309e-01  5.79711253e-03 -1.02718409e-01 -1.55749087e-02 -1.55739924e-02 -8.43791176e-03 -1.04631839e-03 -3.94511996e-03  3.75352706e-03  4.04922431e-03 -2.37163755e-03  3.43211296e-03 -1.52362260e-03  1.06902747e-03  3.77245765e-04  1.60578332e-03 -2.10937582e-03  3.08294366e-03 -1.32857123e-03
 9.83567100e+00 -1.69973250e-01  6.12489207e-03 -9.92017283e-02 -1.44690539e-02 -1.49167103e-02 -8.05222966e-03 -9.79743432e-04 -3.90078147e-03  3.71370682e-03  4.05447202e-03 -2.36079463e-03  3.37168113e-03 -1.50468234e-03  1.08205948e-03  4.01101858e-04  1.59935635e-03 -2.11341000e-03  3.07501862e-03 -1.38771094e-03
 9.88777600e+00 -1.64397822e-01  6.39636636e-03 -9.57866111e-02 -1.34389579e-02 -1.42738125e-02 -7.69061182e-03 -9.12889903e-04 -3.85978974e-03  3.67835525e-03  4.05537057e-03 -2.34892095e-03  3.31419553e-03 -1.48557773e-03  1.09319090e-03  4.20906485e-04  1.59508867e-03 -2.11610769e-03  3.07233315e-03 -1.44507233e-03
 9.93988000e+00 -1.59011428e-01  6.61733675e-03 -9.24738549e-02 -1.24795732e-02 -1.36465462e-02 -7.35167237e-03 -8.46016794e-04 -3.82193660e-03  3.64750491e-03  4.05246554e-03 -2.33622660e-03  3.25980278e-03 -1.46644303e-03  1.10255039e-03  4.36841517e-04  1.59284880e-03 -2.11753151e-03  3.07416593e-03 -1.50040116e-03
 9.99198400e+00 -1.53809028e-01  6.79310810e-03 -8.92635399e-02 -1.15861318e-02 -1.30358944e-02 -7.03406063e-03 -7.79341690e-04 -3.78702560e-03  3.62115460e-03  4.04628524e-03 -2.32291139e-03  3.20860386e-03 -1.44739343e-03  1.11026209e-03  4.49097254e-04  1.59251126e-03 -2.11775848e-03  3.07983341e-03 -1.55349548e-03
 1.00440880e+01 -1.48785608e-01  6.92850826e-03 -8.61553625e-02 -1.07542010e-02 -1.24426492e-02 -6.73648916e-03 -7.13050907e-04 -3.75487604e-03  3.59927354e-03  4.03733534e-03 -2.30916150e-03  3.16066364e-03 -1.42852606e-03  1.11644308e-03  4.57868284e-04  1.59395659e-03 -2.11687747e-03  3.08869423e-03 -1.60420018e-03
 1.00961920e+01 -1.43936091e-01  7.02793202e-03 -8.31486302e-02 -9.97963974e-03 -1.18674216e-02 -6.45772630e-03 -6.47302709e-04 -3.72532227e-03  3.58180244e-03  4.02609469e-03 -2.29514565e-03  3.11601445e-03 -1.40991987e-03  1.12120237e-03  4.63351630e-04  1.59707079e-03 -2.11498694e-03  3.10015233e-03 -1.65240636e-03
 1.01482970e+01 -1.39255279e-01  7.09537753e-03 -8.02422605e-02 -9.25856480e-03 -1.13106507e-02 -6.19659097e-03 -5.82230112e-04 -3.69821293e-03  3.56865512e-03  4.01301170e-03 -2.28101222e-03  3.07465971e-03 -1.39163595e-03  1.12464016e-03  4.65744792e-04  1.60174472e-03 -2.11219256e-03  3.11365937e-03 -1.69804971e-03
 1.02004010e+01 -1.34738226e-01  7.13447448e-03 -7.74350511e-02 -8.58738537e-03 -1.07726633e-02 -5.95197185e-03 -5.17949463e-04 -3.67341211e-03  3.55972156e-03  3.99850282e-03 -2.26688837e-03  3.03658104e-03 -1.37372001e-03  1.12684706e-03  4.65243925e-04  1.60787296e-03 -2.10860517e-03  3.12871505e-03 -1.74110393e-03
 1.02525050e+01 -1.30379727e-01  7.14852190e-03 -7.47253867e-02 -7.96270261e-03 -1.02536262e-02 -5.72279673e-03 -4.54556152e-04 -3.65079515e-03  3.55486864e-03  3.98294929e-03 -2.25287719e-03  3.00173717e-03 -1.35620177e-03  1.12790440e-03  4.62042698e-04  1.61535355e-03 -2.10433843e-03  3.14486926e-03 -1.78158242e-03
 1.03046090e+01 -1.26174692e-01  7.14051020e-03 -7.21115019e-02 -7.38134977e-03 -9.75360285e-03 -5.50805222e-03 -3.92132431e-04 -3.63024924e-03  3.55394349e-03  3.96669706e-03 -2.23905822e-03  2.97007047e-03 -1.33909807e-03  1.12788404e-03  4.56330909e-04  1.62408677e-03 -2.09950700e-03  3.16172098e-03 -1.81953079e-03
 1.03567130e+01 -1.22118079e-01  7.11314825e-03 -6.95914571e-02 -6.84036308e-03 -9.27255624e-03 -5.30677780e-03 -3.30748636e-04 -3.61167126e-03  3.55677561e-03  3.95005613e-03 -2.22548726e-03  2.94150908e-03 -1.32241444e-03  1.12684884e-03  4.48293662e-04  1.63397442e-03 -2.09422468e-03  3.17891774e-03 -1.85502355e-03
 1.04088180e+01 -1.18204826e-01  7.06888575e-03 -6.71631212e-02 -6.33695896e-03 -8.81035119e-03 -5.11806145e-03 -2.70464167e-04 -3.59496570e-03  3.56317944e-03  3.93330040e-03 -2.21219669e-03  2.91596906e-03 -1.30614686e-03  1.12485322e-03  4.38110478e-04  1.64491916e-03 -2.08860273e-03  3.19615476e-03 -1.88816027e-03
 1.04609220e+01 -1.14430173e-01  7.00993845e-03 -6.48243815e-02 -5.86855963e-03 -8.36680024e-03 -4.94105299e-03 -2.11333944e-04 -3.58004397e-03  3.57295619e-03  3.91666960e-03 -2.19919751e-03  2.89335865e-03 -1.29028514e-03  1.12194403e-03  4.25955654e-04  1.65682293e-03 -2.08274882e-03  3.21317187e-03 -1.91905871e-03
 1.05130260e+01 -1.10789214e-01  6.93830262e-03 -6.25728860e-02 -5.43272399e-03 -7.94161993e-03 -4.77494136e-03 -1.53403016e-04 -3.56682067e-03  3.58589698e-03  3.90036839e-03 -2.18647928e-03  2.87357731e-03 -1.27481316e-03  1.11816124e-03  4.11996795e-04  1.66958751e-03 -2.07676509e-03  3.22975343e-03 -1.94785406e-03
 1.05651300e+01 -1.07277220e-01  6.85577626e-03 -6.04062509e-02 -5.02717667e-03 -7.53447532e-03 -4.61896822e-03 -9.67125226e-05 -3.55521301e-03  3.60178470e-03  3.88456906e-03 -2.17401289e-03  2.85651957e-03 -1.25971228e-03  1.11353905e-03  3.96395426e-04  1.68311308e-03 -2.07074753e-03  3.24572462e-03 -1.97469206e-03
 1.06172340e+01 -1.03889564e-01  6.76397496e-03 -5.83220295e-02 -4.64978858e-03 -7.14497889e-03 -4.47242305e-03 -4.12995991e-05 -3.54513872e-03  3.62039636e-03  3.86941291e-03 -2.16175234e-03  2.84207602e-03 -1.24496301e-03  1.10810685e-03  3.79306803e-04  1.69729794e-03 -2.06478488e-03  3.26094910e-03 -1.99972538e-03
 1.06693390e+01 -1.00621671e-01  6.66434518e-03 -5.63176897e-02 -4.29856175e-03 -6.77269078e-03 -4.33463932e-03  1.28027846e-05 -3.53651435e-03  3.64150567e-03  3.85501184e-03 -2.14963671e-03  2.83013445e-03 -1.23054661e-03  1.10189018e-03  3.60879647e-04  1.71203838e-03 -2.05895787e-03  3.27532652e-03 -2.02311009e-03
 1.07214430e+01 -9.74692723e-02  6.55818603e-03 -5.43907790e-02 -3.97164777e-03 -6.41715376e-03 -4.20500355e-03  6.55610216e-05 -3.52925434e-03  3.66488332e-03  3.84145153e-03 -2.13759347e-03  2.82058184e-03 -1.21644792e-03  1.09491227e-03  3.41257751e-04  1.72722729e-03 -2.05333895e-03  3.28878848e-03 -2.04500012e-03
 1.07735470e+01 -9.44280363e-02  6.44665073e-03 -5.25387058e-02 -3.66729994e-03 -6.07785648e-03 -4.08293801e-03  1.16946596e-04 -3.52326891e-03  3.69030137e-03  3.82879188e-03 -2.12553944e-03  2.81330405e-03 -1.20265518e-03  1.08719434e-03  3.20578084e-04  1.74275573e-03 -2.04799125e-03  3.30129719e-03 -2.06554662e-03
 1.08256510e+01 -9.14938231e-02  6.33076610e-03 -5.07589051e-02 -3.38389384e-03 -5.75426813e-03 -3.96790993e-03  1.66931557e-04 -3.51846361e-03  3.71753332e-03  3.81707041e-03 -2.11338425e-03  2.80818751e-03 -1.18916247e-03  1.07875705e-03  2.98972448e-04  1.75851176e-03 -2.04296868e-03  3.31284134e-03 -2.08489301e-03
 1.08777560e+01 -8.86625721e-02  6.21143947e-03 -4.90487764e-02 -3.11990885e-03 -5.44583064e-03 -3.85942513e-03  2.15490274e-04 -3.51473838e-03  3.74635667e-03  3.80630394e-03 -2.10103222e-03  2.80511972e-03 -1.17597016e-03  1.06962113e-03  2.76566974e-04  1.77438118e-03 -2.03831554e-03  3.32343359e-03 -2.10317320e-03
 1.09298600e+01 -8.59305179e-02  6.08947821e-03 -4.74058223e-02 -2.87394200e-03 -5.15198703e-03 -3.75703455e-03  2.62595648e-04 -3.51198728e-03  3.77655203e-03  3.79649163e-03 -2.08838569e-03  2.80399002e-03 -1.16308672e-03  1.05980891e-03  2.53484145e-04  1.79024653e-03 -2.03406685e-03  3.33310682e-03 -2.12050794e-03
 1.09819640e+01 -8.32938664e-02  5.96558553e-03 -4.58274599e-02 -2.64467173e-03 -4.87215051e-03 -3.66031995e-03  3.08224723e-04 -3.51009774e-03  3.80790765e-03  3.78761591e-03 -2.07534589e-03  2.80468971e-03 -1.15052772e-03  1.04934400e-03  2.29840476e-04  1.80598931e-03 -2.03024784e-03  3.34191246e-03 -2.13700511e-03
 1.10340680e+01 -8.07490129e-02  5.84037852e-03 -4.43111607e-02 -2.43087303e-03 -4.60573275e-03 -3.56890056e-03  3.52355033e-04 -3.50895094e-03  3.84021828e-03  3.77964536e-03 -2.06181594e-03  2.80711275e-03 -1.13831710e-03  1.03825261e-03  2.05748475e-04  1.82148926e-03 -2.02687444e-03  3.34991691e-03 -2.15275690e-03
 1.10861720e+01 -7.82924867e-02  5.71439429e-03 -4.28544240e-02 -2.23140688e-03 -4.35214188e-03 -3.48242901e-03  3.94965745e-04 -3.50842195e-03  3.87328654e-03  3.77253655e-03 -2.04770264e-03  2.81115603e-03 -1.12648686e-03  1.02656392e-03  1.81316431e-04  1.83662531e-03 -2.02395349e-03  3.35719905e-03 -2.16783926e-03
 1.11382770e+01 -7.59209040e-02  5.58809530e-03 -4.14547574e-02 -2.04521174e-03 -4.11078174e-03 -3.40058781e-03  4.36038677e-04 -3.50838021e-03  3.90692423e-03  3.76623579e-03 -2.03291795e-03  2.81671969e-03 -1.11507665e-03  1.01431023e-03  1.56648123e-04  1.85127653e-03 -2.02148299e-03  3.36384789e-03 -2.18231157e-03
 1.11903810e+01 -7.36311462e-02  5.46188639e-03 -4.01097896e-02 -1.87131269e-03 -3.88107364e-03 -3.32309357e-03  4.75555488e-04 -3.50869031e-03  3.94095028e-03  3.76068138e-03 -2.01738179e-03  2.82370690e-03 -1.10413408e-03  1.00152817e-03  1.31844856e-04  1.86532188e-03 -2.01945271e-03  3.36995962e-03 -2.19621546e-03
 1.12424850e+01 -7.14200839e-02  5.33610707e-03 -3.88171150e-02 -1.70879539e-03 -3.66243187e-03 -3.24968554e-03  5.13502754e-04 -3.50921288e-03  3.97519492e-03  3.75580459e-03 -2.00102167e-03  2.83202458e-03 -1.09371271e-03  9.88257493e-04  1.07002713e-04  1.87864280e-03 -2.01784440e-03  3.37563615e-03 -2.20957670e-03
 1.12945890e+01 -6.92847569e-02  5.21104764e-03 -3.75744081e-02 -1.55681604e-03 -3.45428546e-03 -3.18012989e-03  5.49869165e-04 -3.50980582e-03  4.00949733e-03  3.75153168e-03 -1.98377512e-03  2.84158315e-03 -1.08387203e-03  9.74542058e-04  8.22145112e-05  1.89112307e-03 -2.01663253e-03  3.38098248e-03 -2.22240467e-03
 1.13466930e+01 -6.72223242e-02  5.08695274e-03 -3.63794016e-02 -1.41459336e-03 -3.25607615e-03 -3.11421606e-03  5.84646719e-04 -3.51032554e-03  4.04370628e-03  3.74778524e-03 -1.96559034e-03  2.85229656e-03 -1.07467616e-03  9.60429523e-04  5.75693399e-05  1.90265013e-03 -2.01578489e-03  3.38610484e-03 -2.23469356e-03
 1.13987980e+01 -6.52300221e-02  4.96402461e-03 -3.52298700e-02 -1.28140191e-03 -3.06725737e-03 -3.05175353e-03  6.17831746e-04 -3.51062849e-03  4.07768075e-03  3.74448545e-03 -1.94642666e-03  2.86408253e-03 -1.06619243e-03  9.45970919e-04  3.31520815e-05  1.91311637e-03 -2.01526322e-03  3.39110901e-03 -2.24642382e-03
 1.14509020e+01 -6.33053111e-02  4.84243765e-03 -3.41237214e-02 -1.15657813e-03 -2.88731077e-03 -2.99257451e-03  6.49422787e-04 -3.51057267e-03  4.11128710e-03  3.74155157e-03 -1.92625661e-03  2.87686158e-03 -1.05849072e-03  9.31221516e-04  9.04523041e-06  1.92241946e-03 -2.01502395e-03  3.39609820e-03 -2.25756270e-03
 1.15030060e+01 -6.14456426e-02  4.72232914e-03 -3.30588703e-02 -1.03950119e-03 -2.71572652e-03 -2.93652477e-03  6.79424792e-04 -3.51001938e-03  4.14440273e-03  3.73890271e-03 -1.90506416e-03  2.89055825e-03 -1.05164103e-03  9.16238813e-04 -1.46739962e-05  1.93046471e-03 -2.01501898e-03  3.40117213e-03 -2.26806724e-03
 1.15551100e+01 -5.96486079e-02  4.60381309e-03 -3.20333299e-02 -9.29599610e-04 -2.55201962e-03 -2.88346655e-03  7.07846893e-04 -3.50883488e-03  4.17691307e-03  3.73645910e-03 -1.88284630e-03  2.90510009e-03 -1.04571266e-03  9.01083226e-04 -3.79318738e-05  1.93716535e-03 -2.01519642e-03  3.40642521e-03 -2.27788523e-03
 1.16072140e+01 -5.79118951e-02  4.48698199e-03 -3.10451943e-02 -8.26345205e-04 -2.39572773e-03 -2.83327548e-03  7.34703371e-04 -3.50689221e-03  4.20871183e-03  3.73414297e-03 -1.85961283e-03  2.92041768e-03 -1.04077259e-03  8.85817329e-04 -6.06587512e-05  1.94244385e-03 -2.01550149e-03  3.41194539e-03 -2.28695734e-03
 1.16593190e+01 -5.62332526e-02  4.37190827e-03 -3.00926229e-02 -7.29247866e-04 -2.24640952e-03 -2.78583786e-03  7.60014389e-04 -3.50407279e-03  4.23970112e-03  3.73187943e-03 -1.83538568e-03  2.93644481e-03 -1.03688384e-03  8.70505026e-04 -8.27895870e-05  1.94623301e-03 -2.01587732e-03  3.41781308e-03 -2.29521929e-03
 1.17114230e+01 -5.46106125e-02  4.25865654e-03 -2.91739159e-02 -6.37859772e-04 -2.10365697e-03 -2.74105264e-03  7.83804292e-04 -3.50026843e-03  4.26978858e-03  3.72959738e-03 -1.81020052e-03  2.95311697e-03 -1.03410437e-03  8.55212140e-04 -1.04262381e-04  1.94847673e-03 -2.01626578e-03  3.42409975e-03 -2.30260329e-03
 1.17635270e+01 -5.30418932e-02  4.14727325e-03 -2.82874072e-02 -5.51761245e-04 -1.96707889e-03 -2.69882428e-03  8.06104665e-04 -3.49538263e-03  4.29889046e-03  3.72722999e-03 -1.78410358e-03  2.97037299e-03 -1.03248519e-03  8.40004034e-04 -1.25020839e-04  1.94913134e-03 -2.01660842e-03  3.43086765e-03 -2.30904106e-03
 1.18156310e+01 -5.15251251e-02  4.03779831e-03 -2.74315391e-02 -4.70565531e-04 -1.83631296e-03 -2.65906507e-03  8.26952436e-04 -3.48933234e-03  4.32692873e-03  3.72471554e-03 -1.75715287e-03  2.98815364e-03 -1.03206940e-03  8.24946154e-04 -1.45012767e-04  1.94816605e-03 -2.01684725e-03  3.43816864e-03 -2.31446512e-03
 1.18677350e+01 -5.00584143e-02  3.93026512e-03 -2.66048455e-02 -3.93914283e-04 -1.71102300e-03 -2.62169276e-03  8.46390373e-04 -3.48204930e-03  4.35383120e-03  3.72199792e-03 -1.72941713e-03  3.00640165e-03 -1.03289094e-03  8.10103083e-04 -1.64190588e-04  1.94556381e-03 -2.01692561e-03  3.44604367e-03 -2.31881094e-03
 1.19198400e+01 -4.86399121e-02  3.82470063e-03 -2.58059369e-02 -3.21473801e-04 -1.59089673e-03 -2.58662876e-03  8.64467339e-04 -3.47348119e-03  4.37953155e-03  3.71902713e-03 -1.70097443e-03  3.02506189e-03 -1.03497356e-03  7.95537629e-04 -1.82511763e-04  1.94132173e-03 -2.01678898e-03  3.45452244e-03 -2.32201875e-03
 1.19719440e+01 -4.72679196e-02  3.72113508e-03 -2.50335614e-02 -2.52938293e-04 -1.47565465e-03 -2.55379967e-03  8.81236759e-04 -3.46359337e-03  4.40396700e-03  3.71575987e-03 -1.67191352e-03  3.04407970e-03 -1.03832979e-03  7.81311298e-04 -1.99937441e-04  1.93545188e-03 -2.01638576e-03  3.46362237e-03 -2.32403498e-03
 1.20240480e+01 -4.59407219e-02  3.61959122e-03 -2.42865118e-02 -1.88019499e-04 -1.36503581e-03 -2.52313235e-03  8.96758455e-04 -3.45236880e-03  4.42708089e-03  3.71215967e-03 -1.64232962e-03  3.06340289e-03 -1.04296042e-03  7.67482009e-04 -2.16434603e-04  1.92798105e-03 -2.01566801e-03  3.47334935e-03 -2.32481413e-03
 1.20761520e+01 -4.46566946e-02  3.52009361e-03 -2.35636864e-02 -1.26450472e-04 -1.25880647e-03 -2.49455579e-03  9.11096895e-04 -3.43980941e-03  4.44882043e-03  3.70819730e-03 -1.61232554e-03  3.08298011e-03 -1.04885390e-03  7.54104640e-04 -2.31974624e-04  1.91895118e-03 -2.01459211e-03  3.48369701e-03 -2.32431979e-03
 1.21282570e+01 -4.34142505e-02  3.42266551e-03 -2.28640583e-02 -6.79813649e-05 -1.15675504e-03 -2.46799928e-03  9.24321382e-04 -3.42593605e-03  4.46913733e-03  3.70385092e-03 -1.58200953e-03  3.10276148e-03 -1.05598610e-03  7.41229964e-04 -2.46533880e-04  1.90841899e-03 -2.01311937e-03  3.49464715e-03 -2.32252575e-03
 1.21803610e+01 -4.22119321e-02  3.32733697e-03 -2.21867265e-02 -1.23823388e-05 -1.05869889e-03 -2.44339389e-03  9.36504565e-04 -3.41078984e-03  4.48798615e-03  3.69910650e-03 -1.55149649e-03  3.12269692e-03 -1.06431967e-03  7.28905143e-04 -2.60092586e-04  1.89645656e-03 -2.01121671e-03  3.50616906e-03 -2.31941700e-03
 1.22324650e+01 -4.10482663e-02  3.23413396e-03 -2.15308317e-02  4.05645264e-05 -9.64471451e-04 -2.42066895e-03  9.47723397e-04 -3.39443051e-03  4.50532650e-03  3.69395739e-03 -1.52090330e-03  3.14273836e-03 -1.07380490e-03  7.17171803e-04 -2.72636383e-04  1.88314974e-03 -2.00885693e-03  3.51822111e-03 -2.31499021e-03
 1.22845690e+01 -3.99218590e-02  3.14308605e-03 -2.08956080e-02  9.10619010e-05 -8.73928917e-04 -2.39975387e-03  9.58057470e-04 -3.37693714e-03  4.52112148e-03  3.68840463e-03 -1.49035009e-03  3.16283818e-03 -1.08437948e-03  7.06066661e-04 -2.84155090e-04  1.86859826e-03 -2.00601918e-03  3.53075045e-03 -2.30925418e-03
 1.23366730e+01 -3.88313692e-02  3.05422448e-03 -2.02803643e-02  1.39299430e-04 -7.86946864e-04 -2.38057738e-03  9.67588595e-04 -3.35840735e-03  4.53533812e-03  3.68245671e-03 -1.45995839e-03  3.18294957e-03 -1.09596906e-03  6.95620967e-04 -2.94642848e-04  1.85291484e-03 -2.00268929e-03  3.54369380e-03 -2.30223004e-03
 1.23887780e+01 -3.77754876e-02  2.96758033e-03 -1.96844694e-02  1.85455541e-04 -7.03417216e-04 -2.36306711e-03  9.76400233e-04 -3.33895605e-03  4.54794771e-03  3.67612923e-03 -1.42984950e-03  3.20302690e-03 -1.10848822e-03  6.85860083e-04 -3.04098133e-04  1.83622385e-03 -1.99885983e-03  3.55697845e-03 -2.29395095e-03
 1.24408820e+01 -3.67530155e-02  2.88319080e-03 -1.91073922e-02  2.29694768e-04 -6.23253031e-04 -2.34715092e-03  9.84576071e-04 -3.31871592e-03  4.55892501e-03  3.66944512e-03 -1.40014562e-03  3.22302421e-03 -1.12184026e-03  6.76804053e-04 -3.12522863e-04  1.81866154e-03 -1.99453050e-03  3.57052218e-03 -2.28446253e-03
 1.24929860e+01 -3.57627422e-02  2.80108877e-03 -1.85486282e-02  2.72173768e-04 -5.46377260e-04 -2.33275488e-03  9.92200245e-04 -3.29783380e-03  4.56824993e-03  3.66243350e-03 -1.37096532e-03  3.24289763e-03 -1.13591967e-03  6.68466384e-04 -3.19923287e-04  1.80037287e-03 -1.98970772e-03  3.58423579e-03 -2.27382136e-03
 1.25450900e+01 -3.48035252e-02  2.72130894e-03 -1.80077400e-02  3.13038363e-04 -4.72727539e-04 -2.31980481e-03  9.99355858e-04 -3.27647065e-03  4.57590677e-03  3.65512969e-03 -1.34242475e-03  3.26260384e-03 -1.15061237e-03  6.60854789e-04 -3.26309020e-04  1.78151137e-03 -1.98440475e-03  3.59802320e-03 -2.26209493e-03
 1.25971940e+01 -3.38742685e-02  2.64388551e-03 -1.74843398e-02  3.52424964e-04 -4.02252824e-04 -2.30822607e-03  1.00612436e-03 -3.25479936e-03  4.58188471e-03  3.64757452e-03 -1.31463611e-03  3.28210063e-03 -1.16579717e-03  6.53971050e-04 -3.31693009e-04  1.76223733e-03 -1.97864145e-03  3.61178298e-03 -2.24936064e-03
 1.26492990e+01 -3.29739044e-02  2.56885008e-03 -1.69780745e-02  3.90461744e-04 -3.34910377e-04 -2.29794356e-03  1.01258488e-03 -3.23300244e-03  4.58617822e-03  3.63981359e-03 -1.28770613e-03  3.30134731e-03 -1.18134752e-03  6.47811028e-04 -3.36091370e-04  1.74271583e-03 -1.97244380e-03  3.62540994e-03 -2.23570448e-03
 1.27014030e+01 -3.21014606e-02  2.49623661e-03 -1.64886579e-02  4.27266122e-04 -2.70669115e-04 -2.28888272e-03  1.01881302e-03 -3.21127150e-03  4.58878699e-03  3.63189714e-03 -1.26173730e-03  3.32030340e-03 -1.19713176e-03  6.42365313e-04 -3.39522826e-04  1.72311659e-03 -1.96584402e-03  3.63879547e-03 -2.22122097e-03
 1.27535070e+01 -3.12559553e-02  2.42607212e-03 -1.60158063e-02  4.62949458e-04 -2.09500101e-04 -2.28096857e-03  1.02488083e-03 -3.18980255e-03  4.58971674e-03  3.62387843e-03 -1.23682392e-03  3.33893095e-03 -1.21301648e-03  6.37618776e-04 -3.42008971e-04  1.70360996e-03 -1.95887934e-03  3.65183057e-03 -2.20601034e-03
 1.28056110e+01 -3.04364658e-02  2.35838168e-03 -1.55592721e-02  4.97614394e-04 -1.51380037e-04 -2.27412679e-03  1.03085570e-03 -3.16879525e-03  4.58897912e-03  3.61581352e-03 -1.21305346e-03  3.35719316e-03 -1.22886693e-03  6.33551365e-04 -3.43573668e-04  1.68436664e-03 -1.95159188e-03  3.66440634e-03 -2.19017820e-03
 1.28577150e+01 -2.96421087e-02  2.29318625e-03 -1.51188271e-02  5.31355823e-04 -9.62882461e-05 -2.26828371e-03  1.03679983e-03 -3.14845011e-03  4.58659203e-03  3.60776031e-03 -1.19050541e-03  3.37505493e-03 -1.24454890e-03  6.30138353e-04 -3.44242904e-04  1.66555561e-03 -1.94402794e-03  3.67641568e-03 -2.17383390e-03
 1.29098200e+01 -2.88720248e-02  2.23050088e-03 -1.46942499e-02  5.64261722e-04 -4.42040632e-05 -2.26336650e-03  1.04276986e-03 -3.12896562e-03  4.58257973e-03  3.59977754e-03 -1.16925029e-03  3.39248320e-03 -1.25993065e-03  6.27350701e-04 -3.44044538e-04  1.64734197e-03 -1.93623716e-03  3.68775507e-03 -2.15708884e-03
 1.29619240e+01 -2.81254351e-02  2.17033874e-03 -1.42853513e-02  5.96410824e-04  4.89080112e-06 -2.25930371e-03  1.04881592e-03 -3.11053731e-03  4.57697335e-03  3.59192455e-03 -1.14935087e-03  3.40944581e-03 -1.27488326e-03  6.25155716e-04 -3.43008111e-04  1.62988664e-03 -1.92827232e-03  3.69832513e-03 -2.14005625e-03
 1.30140280e+01 -2.74015515e-02  2.11270341e-03 -1.38919209e-02  6.27876569e-04  5.10197431e-05 -2.25602495e-03  1.05498194e-03 -3.09335305e-03  4.56981048e-03  3.58425951e-03 -1.13085926e-03  3.42591352e-03 -1.28928396e-03  6.23517220e-04 -3.41164598e-04  1.61334264e-03 -1.92018775e-03  3.70803334e-03 -2.12284794e-03
 1.30661320e+01 -2.66996337e-02  2.05759321e-03 -1.35137548e-02  6.58724724e-04  9.42085987e-05 -2.25346144e-03  1.06130490e-03 -3.07759220e-03  4.56113555e-03  3.57683921e-03 -1.11381838e-03  3.44185879e-03 -1.30301637e-03  6.22396282e-04 -3.38546202e-04  1.59785492e-03 -1.91203909e-03  3.71679451e-03 -2.10557420e-03
 1.31182360e+01 -2.60189729e-02  2.00499954e-03 -1.31506423e-02  6.89014176e-04  1.34487946e-04 -2.25154608e-03  1.06781475e-03 -3.06342308e-03  4.55099967e-03  3.56971814e-03 -1.09826132e-03  3.45725610e-03 -1.31597209e-03  6.21751686e-04 -3.35186160e-04  1.58355856e-03 -1.90388238e-03  3.72453218e-03 -2.08834216e-03
 1.31703410e+01 -2.53588776e-02  1.95490560e-03 -1.28023555e-02  7.18797661e-04  1.71894942e-04 -2.25021358e-03  1.07453440e-03 -3.05100059e-03  4.53946035e-03  3.56294760e-03 -1.08421104e-03  3.47208232e-03 -1.32805220e-03  6.21540467e-04 -3.31118477e-04  1.57057723e-03 -1.89577310e-03  3.73117991e-03 -2.07125433e-03
 1.32224450e+01 -2.47187215e-02  1.90728996e-03 -1.24686716e-02  7.48119650e-04  2.06471516e-04 -2.24940070e-03  1.08147918e-03 -3.04046524e-03  4.52658222e-03  3.55657555e-03 -1.07168141e-03  3.48631553e-03 -1.33916738e-03  6.21718454e-04 -3.26378076e-04  1.55902300e-03 -1.88776606e-03  3.73668166e-03 -2.05440874e-03
 1.32745490e+01 -2.40978663e-02  1.86212062e-03 -1.21493301e-02  7.77019957e-04  2.38269538e-04 -2.24904622e-03  1.08865768e-03 -3.03194005e-03  4.51243547e-03  3.55064526e-03 -1.06067569e-03  3.49993678e-03 -1.34924027e-03  6.22240776e-04 -3.21000177e-04  1.54899378e-03 -1.87991371e-03  3.74099345e-03 -2.03789606e-03
 1.33266530e+01 -2.34957106e-02  1.81935886e-03 -1.18440563e-02  8.05531640e-04  2.67348585e-04 -2.24909112e-03  1.09607135e-03 -3.02553007e-03  4.49709639e-03  3.54519529e-03 -1.05118787e-03  3.51292889e-03 -1.35820525e-03  6.23062397e-04 -3.15020449e-04  1.54057359e-03 -1.87226614e-03  3.74408340e-03 -2.02179998e-03
 1.33787580e+01 -2.29116642e-02  1.77895749e-03 -1.15525475e-02  8.33682327e-04  2.93777716e-04 -2.24947870e-03  1.10371502e-03 -3.02132084e-03  4.48064645e-03  3.54025884e-03 -1.04320249e-03  3.52527691e-03 -1.36600945e-03  6.24138623e-04 -3.08474678e-04  1.53383144e-03 -1.86487009e-03  3.74593235e-03 -2.00619599e-03
 1.34308620e+01 -2.23451910e-02  1.74086412e-03 -1.12744931e-02  8.61492294e-04  3.17633855e-04 -2.25015464e-03  1.11157655e-03 -3.01937775e-03  4.46317315e-03  3.53586383e-03 -1.03669556e-03  3.53696716e-03 -1.37261258e-03  6.25425484e-04 -3.01399161e-04  1.52882141e-03 -1.85776904e-03  3.74653402e-03 -1.99115189e-03
 1.34829660e+01 -2.17957401e-02  1.70501662e-03 -1.10095403e-02  8.88977963e-04  3.39005029e-04 -2.25106707e-03  1.11963813e-03 -3.01974490e-03  4.44476761e-03  3.53203208e-03 -1.03163411e-03  3.54798858e-03 -1.37798806e-03  6.26880289e-04 -2.93829852e-04  1.52558159e-03 -1.85100182e-03  3.74589525e-03 -1.97672568e-03
 1.35350700e+01 -2.12627895e-02  1.67134669e-03 -1.07573158e-02  9.16150014e-04  3.57988313e-04 -2.25216672e-03  1.12787608e-03 -3.02244509e-03  4.42552524e-03  3.52877960e-03 -1.02797726e-03  3.55833167e-03 -1.38212244e-03  6.28461947e-04 -2.85802753e-04  1.52413451e-03 -1.84460281e-03  3.74403573e-03 -1.96296642e-03
 1.35871740e+01 -2.07458332e-02  1.63977937e-03 -1.05174206e-02  9.43014226e-04  3.74690215e-04 -2.25340691e-03  1.13626146e-03 -3.02747963e-03  4.40554487e-03  3.52611646e-03 -1.02567662e-03  3.56798867e-03 -1.38501549e-03  6.30131341e-04 -2.77353721e-04  1.52448713e-03 -1.83860149e-03  3.74098772e-03 -1.94991386e-03
 1.36392790e+01 -2.02443705e-02  1.61023299e-03 -1.02894262e-02  9.69572315e-04  3.89226627e-04 -2.25474374e-03  1.14476077e-03 -3.03482874e-03  4.38492763e-03  3.52404689e-03 -1.02467687e-03  3.57695365e-03 -1.38667989e-03  6.31851676e-04 -2.68518217e-04  1.52663117e-03 -1.83302207e-03  3.73679546e-03 -1.93759825e-03
 1.36913830e+01 -1.97579431e-02  1.58262196e-03 -1.00728930e-02  9.95820241e-04  4.01721278e-04 -2.25613603e-03  1.15333584e-03 -3.04445141e-03  4.36377791e-03  3.52256955e-03 -1.02491641e-03  3.58522170e-03 -1.38714069e-03  6.33588616e-04 -2.59331936e-04  1.53054340e-03 -1.82788381e-03  3.73151479e-03 -1.92604138e-03
 1.37434870e+01 -1.92860761e-02  1.55685392e-03 -9.86734537e-03  1.02175164e-03  4.12306786e-04 -2.25754553e-03  1.16194537e-03 -3.05628696e-03  4.34220028e-03  3.52167763e-03 -1.02632797e-03  3.59278991e-03 -1.38643491e-03  6.35310704e-04 -2.49829737e-04  1.53618645e-03 -1.82320032e-03  3.72521188e-03 -1.91525548e-03
 1.37955910e+01 -1.88283161e-02  1.53283276e-03 -9.67229203e-03  1.04735615e-03  4.21122751e-04 -2.25893695e-03  1.17054493e-03 -3.07025556e-03  4.32030034e-03  3.52135934e-03 -1.02883932e-03  3.59965657e-03 -1.38461062e-03  6.36989417e-04 -2.40046265e-04  1.54350949e-03 -1.81897998e-03  3.71796252e-03 -1.90524461e-03
 1.38476950e+01 -1.83842207e-02  1.51045870e-03 -9.48722346e-03  1.07262034e-03  4.28315171e-04 -2.26027802e-03  1.17908771e-03 -3.08625950e-03  4.29818358e-03  3.52159836e-03 -1.03237402e-03  3.60582126e-03 -1.38172616e-03  6.38599324e-04 -2.30015761e-04  1.55244915e-03 -1.81522597e-03  3.70985093e-03 -1.89600489e-03
 1.38998000e+01 -1.79533495e-02  1.48962865e-03 -9.31161160e-03  1.09752859e-03  4.34035547e-04 -2.26153960e-03  1.18752531e-03 -3.10418500e-03  4.27595430e-03  3.52237426e-03 -1.03685217e-03  3.61128485e-03 -1.37784908e-03  6.40118210e-04 -2.19771822e-04  1.56293073e-03 -1.81193640e-03  3.70096838e-03 -1.88752492e-03
 1.39519040e+01 -1.75352968e-02  1.47023857e-03 -9.14492618e-03  1.12206160e-03  4.38439392e-04 -2.26269564e-03  1.19580772e-03 -3.12390236e-03  4.25371658e-03  3.52366307e-03 -1.04219081e-03  3.61604904e-03 -1.37305540e-03  6.41527007e-04 -2.09348182e-04  1.57486852e-03 -1.80910476e-03  3.69141260e-03 -1.87978714e-03
 1.40040080e+01 -1.71296412e-02  1.45218182e-03 -8.98661777e-03  1.14619973e-03  4.41685722e-04 -2.26372335e-03  1.20388492e-03 -3.14526973e-03  4.23157104e-03  3.52543793e-03 -1.04830514e-03  3.62011694e-03 -1.36742806e-03  6.42809983e-04 -1.98777502e-04  1.58816812e-03 -1.80671987e-03  3.68128536e-03 -1.87276754e-03
 1.40561120e+01 -1.67359789e-02  1.43535164e-03 -8.83613488e-03  1.16992143e-03  4.43935371e-04 -2.26460318e-03  1.21170682e-03 -3.16813363e-03  4.20961592e-03  3.52766960e-03 -1.05510890e-03  3.62349254e-03 -1.36105601e-03  6.43954597e-04 -1.88092150e-04  1.60272698e-03 -1.80476648e-03  3.67069177e-03 -1.86643710e-03
 1.41082160e+01 -1.63539154e-02  1.41964148e-03 -8.69292408e-03  1.19320424e-03  4.45349849e-04 -2.26531881e-03  1.21922399e-03 -3.19233112e-03  4.18794606e-03  3.53032717e-03 -1.06251514e-03  3.62618080e-03 -1.35403298e-03  6.44951469e-04 -1.77323991e-04  1.61843582e-03 -1.80322562e-03  3.65973872e-03 -1.86076239e-03
 1.41603210e+01 -1.59830580e-02  1.40494554e-03 -8.55643106e-03  1.21602561e-03  4.46090070e-04 -2.26585719e-03  1.22638837e-03 -3.21769230e-03  4.16665192e-03  3.53337868e-03 -1.07043704e-03  3.62818766e-03 -1.34645611e-03  6.45794311e-04 -1.66504177e-04  1.63518028e-03 -1.80207498e-03  3.64853322e-03 -1.85570634e-03
 1.42124250e+01 -1.56230442e-02  1.39116066e-03 -8.42611457e-03  1.23836157e-03  4.46315008e-04 -2.26620846e-03  1.23315325e-03 -3.24404029e-03  4.14582074e-03  3.53679151e-03 -1.07878796e-03  3.62951984e-03 -1.33842533e-03  6.46479750e-04 -1.55663971e-04  1.65284090e-03 -1.80128943e-03  3.63718196e-03 -1.85122935e-03
 1.42645290e+01 -1.52734992e-02  1.37818535e-03 -8.30143432e-03  1.26018979e-03  4.46180502e-04 -2.26636594e-03  1.23947456e-03 -3.27119611e-03  4.12553360e-03  3.54053331e-03 -1.08748293e-03  3.63018507e-03 -1.33004133e-03  6.47007295e-04 -1.44833502e-04  1.67129630e-03 -1.80084141e-03  3.62578865e-03 -1.84728952e-03
 1.43166330e+01 -1.49340649e-02  1.36592170e-03 -8.18186497e-03  1.28148818e-03  4.45837932e-04 -2.26632606e-03  1.24531077e-03 -3.29897864e-03  4.10586673e-03  3.54457231e-03 -1.09643864e-03  3.63019196e-03 -1.32140500e-03  6.47379113e-04 -1.34042588e-04  1.69042319e-03 -1.80070141e-03  3.61445371e-03 -1.84384380e-03
 1.43687370e+01 -1.46043923e-02  1.35427571e-03 -8.06689684e-03  1.30223575e-03  4.45433028e-04 -2.26608818e-03  1.25062344e-03 -3.32720701e-03  4.08689075e-03  3.54887789e-03 -1.10557413e-03  3.62954997e-03 -1.31261620e-03  6.47599885e-04 -1.23320533e-04  1.71009782e-03 -1.80083848e-03  3.60327282e-03 -1.84084858e-03
 1.44208420e+01 -1.42841362e-02  1.34315775e-03 -7.95603687e-03  1.32241329e-03  4.45104708e-04 -2.26565453e-03  1.25537764e-03 -3.35570286e-03  4.06867011e-03  3.55342108e-03 -1.11481145e-03  3.62826948e-03 -1.30377260e-03  6.47676629e-04 -1.12695916e-04  1.73019752e-03 -1.80122064e-03  3.59233575e-03 -1.83826033e-03
 1.44729460e+01 -1.39729796e-02  1.33248398e-03 -7.84881996e-03  1.34200223e-03  4.44984019e-04 -2.26503001e-03  1.25954192e-03 -3.38428981e-03  4.05126428e-03  3.55817464e-03 -1.12407538e-03  3.62636187e-03 -1.29496939e-03  6.47618508e-04 -1.02197406e-04  1.75060017e-03 -1.80181531e-03  3.58172621e-03 -1.83603635e-03
 1.45250500e+01 -1.36705971e-02  1.32217558e-03 -7.74479888e-03  1.36098720e-03  4.45193094e-04 -2.26422201e-03  1.26308910e-03 -3.41279830e-03  4.03472556e-03  3.56311388e-03 -1.13329492e-03  3.62383943e-03 -1.28629745e-03  6.47436653e-04 -9.18525236e-05  1.77118747e-03 -1.80258978e-03  3.57151982e-03 -1.83413505e-03
 1.45771540e+01 -1.33766800e-02  1.31216009e-03 -7.64355516e-03  1.37935478e-03  4.45844264e-04 -2.26324019e-03  1.26599613e-03 -3.44106478e-03  4.01910040e-03  3.56821658e-03 -1.14240294e-03  3.62071545e-03 -1.27784326e-03  6.47143959e-04 -8.16884556e-05  1.79184426e-03 -1.80351152e-03  3.56178429e-03 -1.83251657e-03
 1.46292590e+01 -1.30909248e-02  1.30237140e-03 -7.54469712e-03  1.39709446e-03  4.47039272e-04 -2.26209621e-03  1.26824433e-03 -3.46893404e-03  4.00442886e-03  3.57346335e-03 -1.15133677e-03  3.61700422e-03 -1.26968793e-03  6.46754890e-04 -7.17316443e-05  1.81246008e-03 -1.80454862e-03  3.55257847e-03 -1.83114314e-03
 1.46813630e+01 -1.28130551e-02  1.29275084e-03 -7.44786911e-03  1.41419751e-03  4.48868463e-04 -2.26080358e-03  1.26981937e-03 -3.49625819e-03  3.99074575e-03  3.57883736e-03 -1.16003783e-03  3.61272133e-03 -1.26190725e-03  6.46285317e-04 -6.20085302e-05  1.83292821e-03 -1.80566999e-03  3.54395270e-03 -1.82997945e-03
 1.47334670e+01 -1.25427889e-02  1.28324632e-03 -7.35274158e-03  1.43065920e-03  4.51410330e-04 -2.25937724e-03  1.27071160e-03 -3.52290077e-03  3.97807911e-03  3.58432499e-03 -1.16845284e-03  3.60788331e-03 -1.25457032e-03  6.45752284e-04 -5.25443815e-05  1.85314862e-03 -1.80684575e-03  3.53594747e-03 -1.82899277e-03
 1.47855710e+01 -1.22798612e-02  1.27381327e-03 -7.25901971e-03  1.44647758e-03  4.54730960e-04 -2.25783339e-03  1.27091581e-03 -3.54873539e-03  3.96645150e-03  3.58991543e-03 -1.17653329e-03  3.60250793e-03 -1.24773983e-03  6.45173853e-04 -4.33640336e-05  1.87302684e-03 -1.80804744e-03  3.52859402e-03 -1.82815322e-03
 1.48376750e+01 -1.20240180e-02  1.26441459e-03 -7.16644227e-03  1.46165389e-03  4.58883693e-04 -2.25618910e-03  1.27043133e-03 -3.57364691e-03  3.95587996e-03  3.59560065e-03 -1.18423569e-03  3.59661417e-03 -1.24147166e-03  6.44568920e-04 -3.44916611e-05  1.89247471e-03 -1.80924821e-03  3.52191418e-03 -1.82743383e-03
 1.48897800e+01 -1.17750121e-02  1.25502051e-03 -7.07478024e-03  1.47619299e-03  4.63908996e-04 -2.25446205e-03  1.26926183e-03 -3.59753230e-03  3.94637612e-03  3.60137545e-03 -1.19152183e-03  3.59022219e-03 -1.23581458e-03  6.43957025e-04 -2.59505749e-05  1.91141096e-03 -1.81042300e-03  3.51592040e-03 -1.82681056e-03
 1.49418840e+01 -1.15326217e-02  1.24560933e-03 -6.98384392e-03  1.49010223e-03  4.69833945e-04 -2.25267031e-03  1.26741539e-03 -3.62029917e-03  3.93794718e-03  3.60723681e-03 -1.19835820e-03  3.58335377e-03 -1.23081067e-03  6.43358238e-04 -1.77638230e-05  1.92975999e-03 -1.81154858e-03  3.51061645e-03 -1.82626233e-03
 1.49939880e+01 -1.12966222e-02  1.23616624e-03 -6.89347210e-03  1.50339318e-03  4.76672812e-04 -2.25083186e-03  1.26490415e-03 -3.64186868e-03  3.93059518e-03  3.61318429e-03 -1.20471684e-03  3.57603167e-03 -1.22649467e-03  6.42792923e-04 -9.95315044e-06  1.94745406e-03 -1.81260382e-03  3.50599706e-03 -1.82577088e-03
 1.50460920e+01 -1.10668048e-02  1.22668391e-03 -6.80353865e-03  1.51608045e-03  4.84426818e-04 -2.24896440e-03  1.26174424e-03 -3.66217370e-03  3.92431805e-03  3.61921937e-03 -1.21057469e-03  3.56828008e-03 -1.22289449e-03  6.42281631e-04 -2.53959850e-06  1.96443190e-03 -1.81356959e-03  3.50204891e-03 -1.82532065e-03
 1.50981960e+01 -1.08429720e-02  1.21716208e-03 -6.71394986e-03  1.52818193e-03  4.93084459e-04 -2.24708508e-03  1.25795551e-03 -3.68115922e-03  3.91910981e-03  3.62534524e-03 -1.21591369e-03  3.56012451e-03 -1.22003133e-03  6.41844942e-04  4.45673279e-06  1.98063896e-03 -1.81442885e-03  3.49875098e-03 -1.82489864e-03
 1.51503010e+01 -1.06249332e-02  1.20760714e-03 -6.62464171e-03  1.53971894e-03  5.02622049e-04 -2.24521013e-03  1.25356126e-03 -3.69878242e-03  3.91496080e-03  3.63156663e-03 -1.22072070e-03  3.55159163e-03 -1.21791983e-03  6.41503314e-04  1.10168840e-05  1.99602757e-03 -1.81516662e-03  3.49607515e-03 -1.82449417e-03
 1.52024050e+01 -1.04125207e-02  1.19803254e-03 -6.53558536e-03  1.55071521e-03  5.13003425e-04 -2.24335479e-03  1.24858827e-03 -3.71501108e-03  3.91185844e-03  3.63788895e-03 -1.22498704e-03  3.54270986e-03 -1.21656854e-03  6.41276975e-04  1.71226253e-05  2.01055561e-03 -1.81576993e-03  3.49398706e-03 -1.82409870e-03
 1.52545090e+01 -1.02055650e-02  1.18845730e-03 -6.44677535e-03  1.56119809e-03  5.24181594e-04 -2.24153284e-03  1.24306605e-03 -3.72982520e-03  3.90978698e-03  3.64431871e-03 -1.22870881e-03  3.53350837e-03 -1.21597999e-03  6.41185748e-04  2.27573041e-05  2.02418806e-03 -1.81622786e-03  3.49244651e-03 -1.82370549e-03
 1.53066130e+01 -1.00039106e-02  1.17890635e-03 -6.35823471e-03  1.57119748e-03  5.36098669e-04 -2.23975654e-03  1.23702687e-03 -3.74321513e-03  3.90872828e-03  3.65086266e-03 -1.23188641e-03  3.52401767e-03 -1.21615126e-03  6.41248955e-04  2.79054294e-05  2.03689551e-03 -1.81653133e-03  3.49140843e-03 -1.82330943e-03
 1.53587170e+01 -9.80741187e-03  1.16940984e-03 -6.27001132e-03  1.58074587e-03  5.48686776e-04 -2.23803640e-03  1.23050540e-03 -3.75518141e-03  3.90866196e-03  3.65752760e-03 -1.23452434e-03  3.51426932e-03 -1.21707431e-03  6.41485292e-04  3.25529047e-05  2.04865420e-03 -1.81667311e-03  3.49082363e-03 -1.82290670e-03
 1.54108220e+01 -9.61592894e-03  1.16000251e-03 -6.18217418e-03  1.58987831e-03  5.61869121e-04 -2.23638096e-03  1.22353824e-03 -3.76573431e-03  3.90956579e-03  3.66432015e-03 -1.23663105e-03  3.50429570e-03 -1.21873647e-03  6.41912717e-04  3.66872106e-05  2.05944589e-03 -1.81664767e-03  3.49063956e-03 -1.82249453e-03
 1.54629260e+01 -9.42934166e-03  1.15072383e-03 -6.09481795e-03  1.59863146e-03  5.75559854e-04 -2.23479683e-03  1.21616420e-03 -3.77489247e-03  3.91141584e-03  3.67124593e-03 -1.23821858e-03  3.49413059e-03 -1.22112074e-03  6.42548307e-04  4.02972082e-05  2.06925671e-03 -1.81645104e-03  3.49080110e-03 -1.82207093e-03
 1.55150300e+01 -9.24752717e-03  1.14161639e-03 -6.00805049e-03  1.60704441e-03  5.89666534e-04 -2.23328835e-03  1.20842316e-03 -3.78268340e-03  3.91418682e-03  3.67831003e-03 -1.23930251e-03  3.48380795e-03 -1.22420641e-03  6.43408196e-04  4.33737313e-05  2.07807810e-03 -1.81608075e-03  3.49125138e-03 -1.82163442e-03
 1.55671340e+01 -9.07037416e-03  1.13272599e-03 -5.92199727e-03  1.61515772e-03  6.04090129e-04 -2.23185765e-03  1.20035631e-03 -3.78914195e-03  3.91785228e-03  3.68551624e-03 -1.23990156e-03  3.47336245e-03 -1.22796944e-03  6.44507444e-04  4.59093754e-05  2.08590562e-03 -1.81553562e-03  3.49193255e-03 -1.82118376e-03
 1.56192380e+01 -8.89777853e-03  1.12410085e-03 -5.83679720e-03  1.62301330e-03  6.18726314e-04 -2.23050456e-03  1.19200575e-03 -3.79430982e-03  3.92238478e-03  3.69286690e-03 -1.24003738e-03  3.46282919e-03 -1.23238288e-03  6.45859944e-04  4.78987010e-05  2.09273882e-03 -1.81481568e-03  3.49278651e-03 -1.82071779e-03
 1.56713430e+01 -8.72963969e-03  1.11579088e-03 -5.75259852e-03  1.63065426e-03  6.33466845e-04 -2.22922657e-03  1.18341401e-03 -3.79823489e-03  3.92775617e-03  3.70036285e-03 -1.23973429e-03  3.45224324e-03 -1.23741747e-03  6.47478363e-04  4.93383745e-05  2.09858105e-03 -1.81392198e-03  3.49375569e-03 -1.82023513e-03
 1.57234470e+01 -8.56587268e-03  1.10784758e-03 -5.66956275e-03  1.63812406e-03  6.48199537e-04 -2.22801892e-03  1.17462447e-03 -3.80097023e-03  3.93393725e-03  3.70800265e-03 -1.23901904e-03  3.44164026e-03 -1.24304165e-03  6.49373917e-04  5.02271864e-05  2.10343870e-03 -1.81285654e-03  3.49478365e-03 -1.81973410e-03
 1.57755510e+01 -8.40638822e-03  1.10032254e-03 -5.58785241e-03  1.64546707e-03  6.62811116e-04 -2.22687450e-03  1.16568008e-03 -3.80257386e-03  3.94089853e-03  3.71578333e-03 -1.23792055e-03  3.43105508e-03 -1.24922255e-03  6.51556478e-04  5.05663327e-05  2.10732157e-03 -1.81162211e-03  3.49581585e-03 -1.81921245e-03
 1.58276550e+01 -8.25110505e-03  1.09326734e-03 -5.50763504e-03  1.65272766e-03  6.77187232e-04 -2.22578398e-03  1.15662380e-03 -3.80310766e-03  3.94860985e-03  3.72369962e-03 -1.23646966e-03  3.42052228e-03 -1.25592602e-03  6.54034367e-04  5.03594071e-05  2.11024216e-03 -1.81022209e-03  3.49680020e-03 -1.81866729e-03
 1.58797600e+01 -8.09994309e-03  1.08673269e-03 -5.42907755e-03  1.65995018e-03  6.91214178e-04 -2.22473587e-03  1.14749802e-03 -3.80263680e-03  3.95704070e-03  3.73174425e-03 -1.23469882e-03  3.41007552e-03 -1.26311728e-03  6.56814367e-04  4.96125227e-05  2.11221554e-03 -1.80866037e-03  3.49768764e-03 -1.81809492e-03
 1.59318640e+01 -7.95283436e-03  1.08076826e-03 -5.35234978e-03  1.66717813e-03  7.04778973e-04 -2.22371665e-03  1.13834503e-03 -3.80122914e-03  3.96615957e-03  3.73990720e-03 -1.23264205e-03  3.39974812e-03 -1.27076063e-03  6.59901430e-04  4.83344838e-05  2.11325900e-03 -1.80694133e-03  3.49843263e-03 -1.81749085e-03
 1.59839680e+01 -7.80970482e-03  1.07542126e-03 -5.27761304e-03  1.67445459e-03  7.17772136e-04 -2.22271084e-03  1.12920579e-03 -3.79895448e-03  3.97593487e-03  3.74817665e-03 -1.23033446e-03  3.38957157e-03 -1.27882069e-03  6.63298932e-04  4.65367964e-05  2.11339202e-03 -1.80506953e-03  3.49899371e-03 -1.81684958e-03
 1.60360720e+01 -7.67048547e-03  1.07073640e-03 -5.20502386e-03  1.68182146e-03  7.30087736e-04 -2.22170116e-03  1.12012042e-03 -3.79588400e-03  3.98633431e-03  3.75653834e-03 -1.22781219e-03  3.37957611e-03 -1.28726213e-03  6.67008406e-04  4.42338057e-05  2.11263597e-03 -1.80304972e-03  3.49933384e-03 -1.81616468e-03
 1.60881760e+01 -7.53510864e-03  1.06675510e-03 -5.13473021e-03  1.68931922e-03  7.41624776e-04 -2.22066869e-03  1.11112788e-03 -3.79208966e-03  3.99732492e-03  3.76497579e-03 -1.22511212e-03  3.36979024e-03 -1.29605011e-03  6.71029537e-04  4.14427684e-05  2.11101393e-03 -1.80088674e-03  3.49942083e-03 -1.81542872e-03
 1.61402810e+01 -7.40350493e-03  1.06351490e-03 -5.06686801e-03  1.69698682e-03  7.52288474e-04 -2.21959302e-03  1.10226561e-03 -3.78764356e-03  4.00887329e-03  3.77347052e-03 -1.22227167e-03  3.36024028e-03 -1.30515067e-03  6.75360203e-04  3.81838583e-05  2.10855049e-03 -1.79858533e-03  3.49922764e-03 -1.81463329e-03
 1.61923850e+01 -7.27561254e-03  1.06104910e-03 -5.00156431e-03  1.70486076e-03  7.61990514e-04 -2.21845249e-03  1.09357012e-03 -3.78261773e-03  4.02094451e-03  3.78200145e-03 -1.21932875e-03  3.35095086e-03 -1.31453032e-03  6.79996092e-04  3.44804890e-05  2.10527184e-03 -1.79615025e-03  3.49873270e-03 -1.81376903e-03
 1.62444890e+01 -7.15136148e-03  1.05938587e-03 -4.93892741e-03  1.71297575e-03  7.70651277e-04 -2.21722426e-03  1.08507578e-03 -3.77708317e-03  4.03350345e-03  3.79054602e-03 -1.21632132e-03  3.34194353e-03 -1.32415725e-03  6.84931169e-04  3.03589895e-05  2.10120536e-03 -1.79358595e-03  3.49792010e-03 -1.81282562e-03
 1.62965930e+01 -7.03068318e-03  1.05854800e-03 -4.87905033e-03  1.72136377e-03  7.78199972e-04 -2.21588463e-03  1.07681546e-03 -3.77110967e-03  4.04651375e-03  3.79907967e-03 -1.21328737e-03  3.33323729e-03 -1.33400087e-03  6.90157322e-04  2.58488872e-05  2.09637967e-03 -1.79089664e-03  3.49677982e-03 -1.81179190e-03
 1.63486970e+01 -6.91350730e-03  1.05855236e-03 -4.82200773e-03  1.73005403e-03  7.84575762e-04 -2.21440915e-03  1.06882017e-03 -3.76476534e-03  4.05993794e-03  3.80757613e-03 -1.21026471e-03  3.32484814e-03 -1.34403210e-03  6.95664421e-04  2.09828788e-05  2.09082454e-03 -1.78808619e-03  3.49530785e-03 -1.81065590e-03
 1.64008020e+01 -6.79975901e-03  1.05940948e-03 -4.76785329e-03  1.73907286e-03  7.89728704e-04 -2.21277285e-03  1.06111894e-03 -3.75811604e-03  4.07373759e-03  3.81600774e-03 -1.20729079e-03  3.31678871e-03 -1.35422376e-03  7.01440420e-04  1.57967451e-05  2.08457066e-03 -1.78515802e-03  3.49350632e-03 -1.80940489e-03
 1.64529060e+01 -6.68936715e-03  1.06112304e-03 -4.71662233e-03  1.74844279e-03  7.93620173e-04 -2.21095055e-03  1.05373922e-03 -3.75122553e-03  4.08787214e-03  3.82434502e-03 -1.20440273e-03  3.30906866e-03 -1.36454986e-03  7.07470902e-04  1.03297596e-05  2.07765006e-03 -1.78211530e-03  3.49138362e-03 -1.80802560e-03
 1.65050100e+01 -6.58225062e-03  1.06368962e-03 -4.66832424e-03  1.75818337e-03  7.96224199e-04 -2.20891688e-03  1.04670602e-03 -3.74415438e-03  4.10230036e-03  3.83255774e-03 -1.20163685e-03  3.30169351e-03 -1.37498693e-03  7.13739748e-04  4.62408192e-06  2.07009539e-03 -1.77896050e-03  3.48895434e-03 -1.80650414e-03
 1.65571140e+01 -6.47832669e-03  1.06709827e-03 -4.62294544e-03  1.76831026e-03  7.97527705e-04 -2.20664663e-03  1.04004239e-03 -3.73696015e-03  4.11697923e-03  3.84061455e-03 -1.19902878e-03  3.29466515e-03 -1.38551328e-03  7.20228707e-04 -1.27487140e-06  2.06194027e-03 -1.77569567e-03  3.48623931e-03 -1.80482621e-03
 1.66092180e+01 -6.37750835e-03  1.07133023e-03 -4.58044731e-03  1.77883525e-03  7.97531223e-04 -2.20411488e-03  1.03376926e-03 -3.72969700e-03  4.13186408e-03  3.84848327e-03 -1.19661326e-03  3.28798143e-03 -1.39610932e-03  7.26917524e-04 -7.31855785e-06  2.05321918e-03 -1.77232224e-03  3.48326561e-03 -1.80297721e-03
 1.66613230e+01 -6.27970208e-03  1.07635877e-03 -4.54076446e-03  1.78976627e-03  7.96249380e-04 -2.20129719e-03  1.02790530e-03 -3.72241527e-03  4.14690880e-03  3.85613125e-03 -1.19442399e-03  3.28163594e-03 -1.40675778e-03  7.33784095e-04 -1.34554756e-05  2.04396724e-03 -1.76884101e-03  3.48006641e-03 -1.80094227e-03
 1.67134270e+01 -6.18481494e-03  1.08214855e-03 -4.50380699e-03  1.80110640e-03  7.93711474e-04 -2.19816999e-03  1.02246731e-03 -3.71516183e-03  4.16206460e-03  3.86352501e-03 -1.19249369e-03  3.27561832e-03 -1.41744295e-03  7.40803972e-04 -1.96307516e-05  2.03422087e-03 -1.76525235e-03  3.47668113e-03 -1.79870652e-03
 1.67655310e+01 -6.09274297e-03  1.08865599e-03 -4.46945530e-03  1.81285499e-03  7.89961696e-04 -2.19471046e-03  1.01746955e-03 -3.70797905e-03  4.17728170e-03  3.87063127e-03 -1.19085374e-03  3.26991343e-03 -1.42815194e-03  7.47951191e-04 -2.57869243e-05  2.02401672e-03 -1.76155581e-03  3.47315500e-03 -1.79625502e-03
 1.68176350e+01 -6.00337849e-03  1.09582875e-03 -4.43756266e-03  1.82500672e-03  7.85059495e-04 -2.19089689e-03  1.01292418e-03 -3.70090518e-03  4.19250812e-03  3.87741655e-03 -1.18953428e-03  3.26450174e-03 -1.43887389e-03  7.55197796e-04 -3.18635609e-05  2.01339232e-03 -1.75775032e-03  3.46953916e-03 -1.79357295e-03
 1.68697390e+01 -5.91660798e-03  1.10360568e-03 -4.40795417e-03  1.83755166e-03  7.79079776e-04 -2.18670888e-03  1.00884112e-03 -3.69397405e-03  4.20768991e-03  3.88384753e-03 -1.18856405e-03  3.25935910e-03 -1.44960018e-03  7.62514026e-04 -3.77974750e-05  2.00238589e-03 -1.75383414e-03  3.46589041e-03 -1.79064574e-03
 1.69218440e+01 -5.83231027e-03  1.11191691e-03 -4.38042605e-03  1.85047550e-03  7.72112868e-04 -2.18212734e-03  1.00522800e-03 -3.68721484e-03  4.22277145e-03  3.88989131e-03 -1.18797034e-03  3.25445661e-03 -1.46032462e-03  7.69868513e-04 -4.35229470e-05  1.99103606e-03 -1.74980478e-03  3.46227104e-03 -1.78745906e-03
 1.69739480e+01 -5.75036289e-03  1.12068314e-03 -4.35474777e-03  1.86375839e-03  7.64265113e-04 -2.17713509e-03  1.00209040e-03 -3.68065250e-03  4.23769429e-03  3.89551510e-03 -1.18777893e-03  3.24976090e-03 -1.47104269e-03  7.77227786e-04 -4.89714154e-05  1.97938271e-03 -1.74565924e-03  3.45874885e-03 -1.78399920e-03
 1.70260520e+01 -5.67063223e-03  1.12981655e-03 -4.33065905e-03  1.87737645e-03  7.55657980e-04 -2.17171645e-03  9.99431477e-04 -3.67430689e-03  4.25239888e-03  3.90068711e-03 -1.18801399e-03  3.24523362e-03 -1.48175267e-03  7.84557199e-04 -5.40722762e-05  1.96746562e-03 -1.74139361e-03  3.45539662e-03 -1.78025278e-03
 1.70781560e+01 -5.59298005e-03  1.13922023e-03 -4.30787243e-03  1.89130068e-03  7.46428408e-04 -2.16585778e-03  9.97252206e-04 -3.66819326e-03  4.26682343e-03  3.90537613e-03 -1.18869807e-03  3.24083171e-03 -1.49245490e-03  7.91820442e-04 -5.87525897e-05  1.95532527e-03 -1.73700330e-03  3.45229210e-03 -1.77620707e-03
 1.71302610e+01 -5.51726050e-03  1.14878846e-03 -4.28607286e-03  1.90549746e-03  7.36728200e-04 -2.15954743e-03  9.95551290e-04 -3.66232200e-03  4.28090457e-03  3.90955189e-03 -1.18985206e-03  3.23650729e-03 -1.50315213e-03  7.98979909e-04 -6.29374325e-05  1.94300233e-03 -1.73248287e-03  3.44951771e-03 -1.77184993e-03
 1.71823650e+01 -5.44332592e-03  1.15840615e-03 -4.26492023e-03  1.91992742e-03  7.26724362e-04 -2.15277643e-03  9.94325270e-04 -3.65669907e-03  4.29457630e-03  3.91318484e-03 -1.19149508e-03  3.23220797e-03 -1.51384871e-03  8.05996254e-04 -6.65497623e-05  1.93053850e-03 -1.72782636e-03  3.44716054e-03 -1.76717020e-03
 1.72344690e+01 -5.37101839e-03  1.16794988e-03 -4.24404790e-03  1.93454704e-03  7.16597425e-04 -2.14553792e-03  9.93568300e-04 -3.65132540e-03  4.30777170e-03  3.91624664e-03 -1.19364457e-03  3.22787641e-03 -1.52455181e-03  8.12829309e-04 -6.95110940e-05  1.91797500e-03 -1.72302675e-03  3.44531176e-03 -1.76215727e-03
 1.72865730e+01 -5.30017579e-03  1.17728739e-03 -4.22306570e-03  1.94930752e-03  7.06541474e-04 -2.13782786e-03  9.93272256e-04 -3.64619736e-03  4.32042197e-03  3.91870989e-03 -1.19631620e-03  3.22345067e-03 -1.53527059e-03  8.19437657e-04 -7.17413718e-05  1.90535339e-03 -1.71807622e-03  3.44406662e-03 -1.75680143e-03
 1.73386770e+01 -5.23063075e-03  1.18627777e-03 -4.20156125e-03  1.96415505e-03  6.96763082e-04 -2.12964512e-03  9.93426639e-04 -3.64130675e-03  4.33245684e-03  3.92054819e-03 -1.19952392e-03  3.21886416e-03 -1.54601646e-03  8.25778881e-04 -7.31592763e-05  1.89271521e-03 -1.71296606e-03  3.44352417e-03 -1.75109385e-03
 1.73907820e+01 -5.16220979e-03  1.19477176e-03 -4.17910143e-03  1.97903099e-03  6.87480042e-04 -2.12099159e-03  9.94018510e-04 -3.63664087e-03  4.34380491e-03  3.92173610e-03 -1.20328000e-03  3.21404563e-03 -1.55680331e-03  8.31809815e-04 -7.36824622e-05  1.88010152e-03 -1.70768645e-03  3.44378704e-03 -1.74502644e-03
 1.74428860e+01 -5.09473915e-03  1.20261119e-03 -4.15523668e-03  1.99387070e-03  6.78920741e-04 -2.11187318e-03  9.95032320e-04 -3.63218298e-03  4.35439297e-03  3.92224896e-03 -1.20759477e-03  3.20891954e-03 -1.56764669e-03  8.37486222e-04 -7.32277922e-05  1.86755369e-03 -1.70222679e-03  3.44496117e-03 -1.73859234e-03
 1.74949900e+01 -5.02803773e-03  1.20963008e-03 -4.12950130e-03  2.00860507e-03  6.71321473e-04 -2.10229916e-03  9.96449817e-04 -3.62791203e-03  4.36414756e-03  3.92206285e-03 -1.21247714e-03  3.20340557e-03 -1.57856523e-03  8.42763648e-04 -7.17116777e-05  1.85511168e-03 -1.69657496e-03  3.44715563e-03 -1.73178522e-03
 1.75470940e+01 -4.96192325e-03  1.21565400e-03 -4.10141871e-03  2.02315933e-03  6.64925220e-04 -2.09228331e-03  9.98249792e-04 -3.62380322e-03  4.37299428e-03  3.92115425e-03 -1.21793430e-03  3.19741901e-03 -1.58957984e-03  8.47597114e-04 -6.90503221e-05  1.84281469e-03 -1.69071756e-03  3.45048241e-03 -1.72459963e-03
 1.75991980e+01 -4.89621211e-03  1.22050025e-03 -4.07050532e-03  2.03745300e-03  6.59979126e-04 -2.08184431e-03  1.00040780e-03 -3.61982824e-03  4.38085831e-03  3.91949970e-03 -1.22397196e-03  3.19087063e-03 -1.60071419e-03  8.51941421e-04 -6.51600723e-05  1.83070055e-03 -1.68463959e-03  3.45505624e-03 -1.71703086e-03
 1.76513030e+01 -4.83071950e-03  1.22397792e-03 -4.03627487e-03  2.05139992e-03  6.56731626e-04 -2.07100620e-03  1.00289582e-03 -3.61595555e-03  4.38766488e-03  3.91707535e-03 -1.23059450e-03  3.18366658e-03 -1.61199509e-03  8.55751412e-04 -5.99576721e-05  1.81880505e-03 -1.67832408e-03  3.46099453e-03 -1.70907470e-03
 1.77034070e+01 -4.76526620e-03  1.22588748e-03 -3.99824729e-03  2.06490676e-03  6.55429274e-04 -2.05980008e-03  1.00568160e-03 -3.61215109e-03  4.39333911e-03  3.91385658e-03 -1.23780465e-03  3.17570880e-03 -1.62345198e-03  8.58981918e-04 -5.33610953e-05  1.80716229e-03 -1.67175222e-03  3.46841681e-03 -1.70072785e-03
 1.77555110e+01 -4.69967308e-03  1.22602100e-03 -3.95595209e-03  2.07787404e-03  6.56312274e-04 -2.04826398e-03  1.00872826e-03 -3.60837843e-03  4.39780722e-03  3.90981698e-03 -1.24560437e-03  3.16689410e-03 -1.63511865e-03  8.61588433e-04 -4.52894066e-05  1.79580267e-03 -1.66490220e-03  3.47744527e-03 -1.69198688e-03
 1.78076150e+01 -4.63376865e-03  1.22416147e-03 -3.90893971e-03  2.09019439e-03  6.59609848e-04 -2.03644491e-03  1.01199333e-03 -3.60459960e-03  4.40099657e-03  3.90492765e-03 -1.25399458e-03  3.15711451e-03 -1.64703290e-03  8.63527093e-04 -3.56636528e-05  1.78475297e-03 -1.65774918e-03  3.48820429e-03 -1.68284857e-03
 1.78597190e+01 -4.56739087e-03  1.22008241e-03 -3.85679150e-03  2.10175181e-03  6.65534241e-04 -2.02440038e-03  1.01542776e-03 -3.60077580e-03  4.40283630e-03  3.89915603e-03 -1.26297551e-03  3.14625681e-03 -1.65923744e-03  8.64755050e-04 -2.44073669e-05  1.77403523e-03 -1.65026447e-03  3.50082058e-03 -1.67330946e-03
 1.79118240e+01 -4.50038951e-03  1.21354694e-03 -3.79913128e-03  2.11242071e-03  6.74273794e-04 -2.01220013e-03  1.01897472e-03 -3.59686822e-03  4.40325813e-03  3.89246437e-03 -1.27254716e-03  3.13420189e-03 -1.67178104e-03  8.65230826e-04 -1.14469820e-05  1.76366533e-03 -1.64241455e-03  3.51542352e-03 -1.66336527e-03
 1.79639280e+01 -4.43263579e-03  1.20430733e-03 -3.73564505e-03  2.12206352e-03  6.85983648e-04 -1.99992962e-03  1.02256766e-03 -3.59283938e-03  4.40219713e-03  3.88480860e-03 -1.28270896e-03  3.12082516e-03 -1.68471862e-03  8.64914673e-04  3.28635557e-06  1.75365243e-03 -1.63416063e-03  3.53214422e-03 -1.65301125e-03
 1.80160320e+01 -4.36402001e-03  1.19210302e-03 -3.66609278e-03  2.13052993e-03  7.00776444e-04 -1.98769166e-03  1.02612873e-03 -3.58865392e-03  4.39959278e-03  3.87613545e-03 -1.29346121e-03  3.10599437e-03 -1.69811410e-03  8.63769066e-04  1.98573620e-05  1.74399612e-03 -1.62545649e-03  3.55111738e-03 -1.64224040e-03
 1.80681360e+01 -4.29446309e-03  1.17665924e-03 -3.59033455e-03  2.13765362e-03  7.18709343e-04 -1.97561116e-03  1.02956599e-03 -3.58428040e-03  4.39539013e-03  3.86638052e-03 -1.30480487e-03  3.08956959e-03 -1.71204116e-03  8.61759151e-04  3.83245865e-05  1.73468518e-03 -1.61624749e-03  3.57248069e-03 -1.63104360e-03
 1.81202400e+01 -4.22392307e-03  1.15768484e-03 -3.50835585e-03  2.14324936e-03  7.39769321e-04 -1.96383952e-03  1.03277038e-03 -3.57969299e-03  4.38954120e-03  3.85546510e-03 -1.31674231e-03  3.07140177e-03 -1.72658555e-03  8.58853322e-04  5.87393885e-05  1.72569506e-03 -1.60646848e-03  3.59637554e-03 -1.61940851e-03
 1.81723450e+01 -4.15240298e-03  1.13486895e-03 -3.42029722e-03  2.14710919e-03  7.63855897e-04 -1.95256006e-03  1.03561197e-03 -3.57487352e-03  4.38200659e-03  3.84329227e-03 -1.32927817e-03  3.05133074e-03 -1.74184800e-03  8.55023773e-04  8.11449103e-05  1.71698481e-03 -1.59604125e-03  3.62294830e-03 -1.60731834e-03
 1.82244490e+01 -4.07996739e-03  1.10787939e-03 -3.32649859e-03  2.14899739e-03  7.90757986e-04 -1.94199576e-03  1.03793505e-03 -3.56981429e-03  4.37275805e-03  3.82974358e-03 -1.34241920e-03  3.02918488e-03 -1.75794623e-03  8.50247532e-04  1.05572576e-04  1.70849443e-03 -1.58487250e-03  3.65234915e-03 -1.59475158e-03
 1.82765530e+01 -4.00674745e-03  1.07635574e-03 -3.22753375e-03  2.14864510e-03  8.20131357e-04 -1.93241624e-03  1.03955282e-03 -3.56452055e-03  4.36178015e-03  3.81467242e-03 -1.35617655e-03  3.00477637e-03 -1.77502056e-03  8.44506831e-04  1.32042617e-04  1.70013983e-03 -1.57284911e-03  3.68473621e-03 -1.58167904e-03
 1.83286570e+01 -3.93296202e-03  1.03990569e-03 -3.12426999e-03  2.14574280e-03  8.51466719e-04 -1.92414873e-03  1.04024014e-03 -3.55901430e-03  4.34907369e-03  3.79789877e-03 -1.37056582e-03  2.97789979e-03 -1.79323742e-03  8.37790302e-04  1.60559956e-04  1.69180879e-03 -1.55983479e-03  3.72027508e-03 -1.56806308e-03
 1.83807620e+01 -3.85893353e-03  9.98097341e-04 -3.01792710e-03  2.13993147e-03  8.84055056e-04 -1.91758978e-03  1.03972529e-03 -3.55333830e-03  4.33465887e-03  3.77920130e-03 -1.38560874e-03  2.94832746e-03 -1.81279571e-03  8.30093776e-04  1.91112365e-04  1.68335510e-03 -1.54566455e-03  3.75914177e-03 -1.55385490e-03
 1.84328660e+01 -3.78511568e-03  9.50454611e-04 -2.91015976e-03  2.13079259e-03  9.16942840e-04 -1.91322022e-03  1.03767987e-03 -3.54756133e-03  4.31858059e-03  3.75831024e-03 -1.40133329e-03  2.91580743e-03 -1.83393209e-03  8.21422046e-04  2.23664693e-04  1.67459267e-03 -1.53013975e-03  3.80152186e-03 -1.53899316e-03
 1.84849700e+01 -3.71211085e-03  8.96442948e-04 -2.80313234e-03  2.11783460e-03  9.48885986e-04 -1.91162164e-03  1.03370663e-03 -3.54178329e-03  4.30091180e-03  3.73489512e-03 -1.41777693e-03  2.88005472e-03 -1.85693133e-03  8.11789251e-04  2.58158406e-04  1.66528695e-03 -1.51301924e-03  3.84761747e-03 -1.52339935e-03
 1.85370740e+01 -3.64070622e-03  8.35461014e-04 -2.69962939e-03  2.10047800e-03  9.78288834e-04 -1.91349744e-03  1.02732501e-03 -3.53614235e-03  4.28176061e-03  3.70855427e-03 -1.43498705e-03  2.84074721e-03 -1.88213461e-03  8.01220860e-04  2.94504609e-04  1.65514675e-03 -1.49401192e-03  3.89764753e-03 -1.50697532e-03
 1.85891780e+01 -3.57190798e-03  7.66826310e-04 -2.60317302e-03  2.07803684e-03  1.00313625e-03 -1.91969700e-03  1.01795385e-03 -3.53082261e-03  4.26127707e-03  3.67880079e-03 -1.45302305e-03  2.79751746e-03 -1.90995134e-03  7.89755073e-04  3.32579129e-04  1.64381380e-03 -1.47276623e-03  3.95185209e-03 -1.48959888e-03
 1.86412830e+01 -3.50698155e-03  6.89757441e-04 -2.51816060e-03  2.04969636e-03  1.02091400e-03 -1.93124456e-03  1.00489072e-03 -3.52606320e-03  4.23966114e-03  3.64504572e-03 -1.47195879e-03  2.74994274e-03 -1.94087345e-03  7.77444267e-04  3.72216891e-04  1.63085068e-03 -1.44885776e-03  4.01049783e-03 -1.47111854e-03
 1.86933870e+01 -3.44750463e-03  6.03361083e-04 -2.45003225e-03  2.01448931e-03  1.02851473e-03 -1.94937181e-03  9.87288845e-04 -3.52216909e-03  4.21717431e-03  3.60658231e-03 -1.49188322e-03  2.69753811e-03 -1.97548896e-03  7.64357762e-04  4.13201388e-04  1.61572821e-03 -1.42177707e-03  4.07387858e-03 -1.45134932e-03
 1.87454910e+01 -3.39541516e-03  5.06600703e-04 -2.40544697e-03  1.97126230e-03  1.02213289e-03 -1.97555839e-03  9.64127341e-04 -3.51952275e-03  4.19414864e-03  3.56256085e-03 -1.51290492e-03  2.63973842e-03 -2.01450424e-03  7.50582349e-04  4.55260610e-04  1.59780848e-03 -1.39091053e-03  4.14232797e-03 -1.43006404e-03
 1.87975950e+01 -3.35308025e-03  3.98276086e-04 -2.39250324e-03  1.91864211e-03  9.97139714e-04 -2.01157673e-03  9.34179105e-04 -3.51859842e-03  4.17100205e-03  3.51196687e-03 -1.53515325e-03  2.57588724e-03 -2.05876351e-03  7.36225260e-04  4.98054031e-04  1.57632815e-03 -1.35552300e-03  4.21622186e-03 -1.40698707e-03
 1.88496990e+01 -3.32336777e-03  2.76991511e-04 -2.42098157e-03  1.85499352e-03  9.47942350e-04 -2.05954488e-03  8.95972220e-04 -3.51997803e-03  4.14825367e-03  3.45359280e-03 -1.55878129e-03  2.50521895e-03 -2.10927470e-03  7.21416076e-04  5.41161869e-04  1.55037821e-03 -1.31473538e-03  4.29598731e-03 -1.38178533e-03
