# R_Bohr c0_mEh c1_mEh c2_mEh c3_mEh c4_mEh c5_mEh c6_mEh c7_mEh c8_mEh c9_mEh c10_mEh c11_mEh c12_mEh c13_mEh c14_mEh c15_mEh c16_mEh c17_mEh c18_mEh
 4.72945900e+00  5.98957918e+01  4.57520217e+00  1.05261783e+02  1.42247933e+01  5.20089812e+01  1.41247004e+01  1.97847102e+01  8.31132012e+00  8.65867535e+00  4.46223357e+00  4.64616789e+00  1.96002228e+00  2.05910757e+00  1.06525652e+00  7.67701237e-01  6.07195534e-01 -8.47090971e-02  4.00532429e-01  4.31233550e-02
 4.78156300e+00  5.48094833e+01  3.22883134e+00  9.68596865e+01  1.21213744e+01  4.74908714e+01  1.24440997e+01  1.77485466e+01  7.20752611e+00  7.62204993e+00  3.76010783e+00  3.81871523e+00  1.73434079e+00  1.82104737e+00  7.98377077e-01  6.96979944e-01  4.31654730e-01 -4.70853742e-02  3.21080328e-01 -7.34484044e-02
 4.83366700e+00  5.00129814e+01  2.02360338e+00  8.89050599e+01  1.02155072e+01  4.32398916e+01  1.09028548e+01  1.58445696e+01  6.21258864e+00  6.63671990e+00  3.13744846e+00  3.12150315e+00  1.50243543e+00  1.57537183e+00  5.91003364e-01  5.99739257e-01  3.01688497e-01 -2.96725896e-02  2.82592936e-01 -1.57474927e-01
 4.88577200e+00  4.55606598e+01  9.74376750e-01  8.14954740e+01  8.53929724e+00  3.93168275e+01  9.52759866e+00  1.41089133e+01  5.33873547e+00  5.72761300e+00  2.61032117e+00  2.56515535e+00  1.26769479e+00  1.32476390e+00  4.43629520e-01  4.83305085e-01  2.19015821e-01 -3.23134012e-02  2.81143324e-01 -2.06883840e-01
 4.93787600e+00  4.14712433e+01  8.42981855e-02  7.46666416e+01  7.09794001e+00  3.57425448e+01  8.32288183e+00  1.25556691e+01  4.58644152e+00  4.91603447e+00  2.17800075e+00  2.13804010e+00  1.03949653e+00  1.07922045e+00  3.46801113e-01  3.61076920e-01  1.76806173e-01 -5.08758935e-02  3.04944079e-01 -2.24793276e-01
 4.98998000e+00  3.77327671e+01 -6.54094332e-01  6.84004059e+01  5.87357244e+00  3.25035293e+01  7.27557857e+00  1.11794615e+01  3.94627448e+00  4.21464157e+00  1.82710179e+00  1.81298167e+00  8.29723393e-01  8.52427157e-01  2.85313255e-01  2.48133242e-01  1.62523061e-01 -7.84292010e-02  3.38452067e-01 -2.18125092e-01
 5.04208400e+00  3.43159407e+01 -1.25533307e+00  6.26484427e+01  4.83534619e+00  2.95674328e+01  6.36439420e+00  9.96370068e+00  3.40313728e+00  3.62477872e+00  1.53955977e+00  1.55854560e+00  6.48390775e-01  6.56537729e-01  2.43844494e-01  1.56232862e-01  1.62353811e-01 -1.07312735e-01  3.67660011e-01 -1.95403101e-01
 5.09418800e+00  3.11869560e+01 -1.73709400e+00  5.73553394e+01  3.94977285e+00  2.68978941e+01  5.56816438e+00  8.88858486e+00  2.94065398e+00  3.13723063e+00  1.29932059e+00  1.34830348e+00  5.00737683e-01  4.98360830e-01  2.11010984e-01  9.08655227e-02  1.65005460e-01 -1.31099263e-01  3.83732193e-01 -1.64704828e-01
 5.14629300e+00  2.83154797e+01 -2.11711680e+00  5.24728417e+01  3.18770624e+00  2.44633206e+01  4.86996980e+00  7.93587288e+00  2.54426624e+00  2.73585000e+00  1.09529842e+00  1.16490670e+00  3.86752962e-01  3.78395046e-01  1.80618928e-01  5.12447181e-02  1.63579985e-01 -1.45761134e-01  3.83810131e-01 -1.32378776e-01
 5.19839700e+00  2.56775573e+01 -2.41144163e+00  4.79645887e+01  2.52711386e+00  2.22395001e+01  4.25746931e+00  7.09039850e+00  2.20257516e+00  2.40219079e+00  9.21083762e-01  9.99572744e-01  3.02539604e-01  2.92203351e-01  1.50713240e-01  3.23438301e-02  1.55507934e-01 -1.49889452e-01  3.69618611e-01 -1.02635672e-01
 5.25050100e+00  2.32545667e+01 -2.63386290e+00  4.38036069e+01  1.95257488e+00  2.02079838e+01  3.72125987e+00  6.33953311e+00  1.90719197e+00  2.11924582e+00  7.73142902e-01  8.49305350e-01  2.42282324e-01  2.32723093e-01  1.21756157e-01  2.74610174e-02  1.41313101e-01 -1.44219138e-01  3.45247018e-01 -7.77526678e-02
 5.30260500e+00  2.10315227e+01 -2.79598371e+00  3.99686686e+01  1.45349728e+00  1.83538926e+01  3.25328483e+00  5.67238292e+00  1.65196113e+00  1.87358391e+00  6.49094551e-01  7.13997733e-01  1.99933192e-01  1.92401655e-01  9.50138121e-02  3.02392158e-02  1.23088511e-01 -1.30834272e-01  3.15213720e-01 -5.85608731e-02
 5.35470900e+00  1.89952613e+01 -2.90756697e+00  3.64407345e+01  1.02212089e+00  1.66639627e+01  2.84586640e+00  5.07915005e+00  1.43204983e+00  1.65584353e+00  5.46649166e-01  5.94362577e-01  1.70215624e-01  1.64588957e-01  7.15805690e-02  3.57550480e-02  1.03261185e-01 -1.12375829e-01  2.83286908e-01 -4.49501878e-02
 5.40681400e+00  1.71332965e+01 -2.97689215e+00  3.32008991e+01  6.52023938e-01  1.51254899e+01  2.49145205e+00  4.55087769e+00  1.24327724e+00  1.46018814e+00  4.63227722e-01  4.90832969e-01  1.49012699e-01  1.44173668e-01  5.20081055e-02  4.08110929e-02  8.38524212e-02 -9.14309958e-02  2.52036047e-01 -3.62716823e-02
 5.45891800e+00  1.54334713e+01 -3.01102708e+00  3.02299663e+01  3.37290275e-01  1.37261259e+01  2.18280150e+00  4.07947932e+00  1.08177302e+00  1.28334374e+00  3.96004336e-01  4.03177173e-01  1.33357168e-01  1.27669312e-01  3.63145026e-02  4.37412946e-02  6.61912054e-02 -7.01635274e-02  2.22875908e-01 -3.16145241e-02
 5.51102200e+00  1.38836681e+01 -3.01602738e+00  2.75082341e+01  7.21134801e-02  1.24537755e+01  1.91322328e+00  3.65774291e+00  9.43846887e-01  1.12359130e+00  3.42097178e-01  3.30485303e-01  1.21229636e-01  1.12986409e-01  2.41480389e-02  4.40153284e-02  5.09257874e-02 -5.01544462e-02  1.96339143e-01 -2.99800325e-02
 5.56312600e+00  1.24720825e+01 -2.99706451e+00  2.50162563e+01 -1.49211939e-01  1.12969317e+01  1.67682293e+00  3.27941474e+00  8.26034283e-01  9.80001924e-01  2.98783512e-01  2.71341744e-01  1.11314901e-01  9.90860038e-02  1.49733949e-02  4.18234988e-02  3.81877150e-02 -3.24006250e-02  1.72407724e-01 -3.03905996e-02
 5.61523000e+00  1.11873718e+01 -2.95853188e+00  2.27353152e+01 -3.32189225e-01  1.02448518e+01  1.46859766e+00  2.93917334e+00  7.25170648e-01  8.51911866e-01  2.63647404e-01  2.24025911e-01  1.02782336e-01  8.56260604e-02  8.21244603e-03  3.77327513e-02  2.77905286e-02 -1.74001176e-02  1.50795105e-01 -3.19572369e-02
 5.66733500e+00  1.00187967e+01 -2.90413674e+00  2.06477898e+01 -4.81979351e-01  9.28767382e+00  1.28442262e+00  2.63255330e+00  6.38458732e-01  7.38627631e-01  2.34657466e-01  1.86695347e-01  9.51178067e-02  7.26630658e-02  3.32953417e-03  3.24393732e-02  1.94018738e-02 -5.27382012e-03  1.31145237e-01 -3.39220675e-02
 5.71943900e+00  8.95641575e+00 -2.83699461e+00  1.87375391e+01 -6.03275116e-01  8.41653803e+00  1.12097602e+00  2.35586004e+00  5.63509763e-01  6.39308160e-01  2.10187868e-01  1.57532997e-01  8.80075173e-02  6.04314704e-02 -1.28491699e-04  2.66129899e-02  1.26646624e-02  4.11062536e-03  1.13149413e-01 -3.56823254e-02
 5.77154300e+00  7.99099863e+00 -2.75971050e+00  1.69897286e+01 -7.00253531e-01  7.62345497e+00  9.75588734e-01  2.10600884e+00  4.98331259e-01  5.52930906e-01  1.88993094e-01  1.34845951e-01  8.12616673e-02  4.91962410e-02 -2.52289454e-03  2.08114258e-02  7.26420870e-03  1.10349608e-02  9.65921928e-02 -3.67995637e-02
 5.82364700e+00  7.11411716e+00 -2.67446609e+00  1.53909427e+01 -7.76549083e-01  6.90131144e+00  8.46119483e-01  1.88042234e+00  4.41302689e-01  4.78336536e-01  1.70164456e-01  1.17134139e-01  7.47689292e-02  3.91711676e-02 -4.12884950e-03  1.54476082e-02  2.95552955e-03  1.58490155e-02  8.13558562e-02 -3.69954068e-02
 5.87575200e+00  6.31807246e+00 -2.58309254e+00  1.39289975e+01 -8.35281892e-01  6.24374504e+00  7.30819825e-01  1.67690487e+00  3.91124165e-01  4.14284324e-01  1.53072505e-01  1.03123957e-01  6.84690320e-02  3.04826441e-02 -5.14869391e-03  1.07885781e-02 -4.37376578e-04  1.89155892e-02  6.73978082e-02 -3.61369186e-02
 5.92785600e+00  5.59590078e+00 -2.48714316e+00  1.25929039e+01 -8.79102023e-01  5.64509284e+00  6.28234724e-01  1.49355951e+00  3.46764772e-01  3.59518246e-01  1.37309669e-01  9.17794675e-02  6.23372967e-02  2.31654294e-02 -5.72667677e-03  6.97344215e-03 -3.03587300e-03  2.05760070e-02  5.47206135e-02 -3.42145422e-02
 5.97996000e+00  4.94122013e+00 -2.38793720e+00  1.13725534e+01 -9.10256272e-01  5.10022113e+00  5.37106266e-01  1.32868693e+00  3.07402549e-01  3.12812635e-01  1.22633195e-01  8.22926773e-02  5.63739302e-02  1.71743949e-02 -5.96305343e-03  4.03871601e-03 -4.92610005e-03  2.11324249e-02  4.33407230e-02 -3.13156060e-02
 6.03206400e+00  4.34823029e+00 -2.28660998e+00  1.02587038e+01 -9.30645527e-01  4.60449463e+00  4.56323663e-01  1.18074368e+00  2.72380114e-01  2.73017333e-01  1.08918030e-01  7.40637925e-02  5.05973418e-02  1.24057529e-02 -5.92615119e-03  1.94623276e-03 -6.17615831e-03  2.08408679e-02  3.32668230e-02 -2.75967504e-02
 6.08416800e+00  3.81163801e+00 -2.18414431e+00  9.24284205e+00 -9.41884068e-01  4.15369565e+00  3.84882146e-01  1.04829839e+00  2.41163515e-01  2.39082872e-01  9.61160660e-02  6.66722427e-02  4.50380269e-02  8.71870641e-03 -5.66245741e-03  6.08358958e-04 -6.84914230e-03  1.99118181e-02  2.44855912e-02 -2.32575507e-02
 6.13627300e+00  3.32659528e+00 -2.08139300e+00  8.31708352e+00 -9.45350273e-01  3.74396289e+00  3.21858622e-01  9.30004451e-01  2.13310218e-01  2.10074354e-01  8.42238192e-02  5.98442301e-02  3.97330104e-02  5.95481592e-03 -5.20462517e-03 -9.08016817e-05 -7.01087126e-03  1.85147416e-02  1.69558290e-02 -1.85170556e-02
 6.18837700e+00  2.88868907e+00 -1.97910450e+00  7.47417608e+00 -9.42228800e-01  3.37178038e+00  2.66403974e-01  8.24595042e-01  1.88447583e-01  1.85178247e-01  7.32591120e-02  5.34205829e-02  3.47212579e-02  3.95350573e-03 -4.57762694e-03 -2.78825853e-04 -6.73298137e-03  1.67845502e-02  1.06096850e-02 -1.35948400e-02
 6.24048100e+00  2.49384528e+00 -1.87792369e+00  6.70734390e+00 -9.33545093e-01  3.03389786e+00  2.17730173e-01  7.30863503e-01  1.66252712e-01  1.63696532e-01  6.32425077e-02  4.73254150e-02  3.00387210e-02  2.56261131e-03 -3.80310269e-03 -8.29678757e-05 -6.09260535e-03  1.48280964e-02  5.35663549e-03 -8.69560741e-03
 6.29258500e+00  2.13833199e+00 -1.77840891e+00  6.01032075e+00 -9.20191941e-01  2.72733711e+00  1.75113143e-01  6.47671641e-01  1.46442880e-01  1.45041607e-01  5.41870028e-02  4.15398029e-02  2.57152879e-02  1.64541637e-03 -2.90229706e-03  3.78118676e-04 -5.16991543e-03  1.27303776e-02  1.09102690e-03 -3.99912953e-03
 6.34468900e+00  1.81871953e+00 -1.68103692e+00  5.37729890e+00 -9.02950597e-01  2.44936239e+00  1.37890682e-01  5.73948989e-01  1.28767043e-01  1.28725374e-01  4.60913719e-02  3.60793672e-02  2.17722576e-02  1.08410046e-03 -1.89770365e-03  9.99445392e-04 -4.04476618e-03  1.05596341e-02 -2.30068619e-03  3.46224925e-04
 6.39679400e+00  1.53184901e+00 -1.58620667e+00  4.80289041e+00 -8.82506653e-01  2.19745753e+00  1.05461030e-01  5.08694266e-01  1.13000300e-01  1.14347241e-01  3.89373345e-02  3.09767193e-02  1.82209419e-02  7.80773503e-04 -8.13699643e-04  1.69237369e-03 -2.79325560e-03  8.37131519e-03 -4.93325573e-03  4.22648710e-03
 6.44889800e+00  1.27483067e+00 -1.49425159e+00  4.28214424e+00 -8.59464371e-01  1.96932835e+00  7.72836530e-02  4.50982705e-01  9.89415529e-02  1.01583110e-01  3.26900820e-02  2.62690145e-02  1.50626170e-02  6.56830167e-04  3.23449663e-04  2.38545242e-03 -1.48492409e-03  6.21120149e-03 -6.91702067e-03  7.56194787e-03
 6.50100200e+00  1.04499049e+00 -1.40543348e+00  3.81045583e+00 -8.34354363e-01  1.76285850e+00  5.28729080e-02  3.99960172e-01  8.64092599e-02  9.01720583e-02  2.72992741e-02  2.19886587e-02  1.22886646e-02  6.51190152e-04  1.48629034e-03  3.02413607e-03 -1.80509258e-04  4.11720762e-03 -8.35431212e-03  1.03056653e-02
 6.55310600e+00  8.39874602e-01 -1.31995481e+00  3.38358860e+00 -8.07643250e-01  1.57611489e+00  3.17970627e-02  3.54848716e-01  7.52408372e-02  7.99066546e-02  2.27025171e-02  1.81584605e-02  9.88205490e-03  7.18027766e-04  2.64695309e-03  3.56952659e-03  1.06918326e-03  2.12090517e-03 -9.33684958e-03  1.24397687e-02
 6.60521000e+00  6.57226963e-01 -1.23796205e+00  2.99763945e+00 -7.79740059e-01  1.40732898e+00  1.36733703e-02  3.14944322e-01  6.52907987e-02  7.06229618e-02  1.88286423e-02  1.47890149e-02  7.81890390e-03  8.24255228e-04  3.77813791e-03  3.99666129e-03  2.22372047e-03  2.48330863e-04 -9.94471470e-03  1.39712749e-02
 6.65731500e+00  4.94971555e-01 -1.15954957e+00  2.64901018e+00 -7.51001453e-01  1.25488108e+00 -1.83688597e-03  2.79614127e-01  5.64291838e-02  6.21918992e-02  1.56011555e-02  1.18781588e-02  6.07028093e-03  9.47047874e-04  4.85407763e-03  4.29251443e-03  3.25281795e-03 -1.47952477e-03 -1.02462988e-02  1.49274319e-02
 6.70941900e+00  3.51210783e-01 -1.08477111e+00  2.33441202e+00 -7.21739048e-01  1.11729940e+00 -1.50320760e-02  2.48295834e-01  4.85408484e-02  5.45126108e-02  1.29417529e-02  9.41208149e-03  4.60419860e-03  1.07154243e-03  5.85128951e-03  4.45387736e-03  4.13553806e-03 -3.04625564e-03 -1.02989633e-02  1.53509554e-02
 6.76152300e+00  2.24194336e-01 -1.01363631e+00  2.05080503e+00 -6.92220667e-01  9.93231059e-01 -2.61767251e-02  2.20489616e-01  4.15230967e-02  4.75053981e-02  1.07728142e-02  7.36674165e-03  3.38715311e-03  1.18883137e-03  6.74936909e-03  4.48532720e-03  4.85937506e-03 -4.43999172e-03 -1.01502111e-02  1.52956753e-02
 6.81362700e+00  1.12320444e-01 -9.46122293e-01  1.79540589e+00 -6.62676721e-01  8.81443293e-01 -3.55047275e-02  1.95756268e-01  3.52850512e-02  4.11073478e-02  9.01999910e-03  5.71028265e-03  2.38578344e-03  1.29424360e-03  7.53138659e-03  4.39726299e-03  5.41898155e-03 -5.65302916e-03 -9.83903214e-03  1.48224180e-02
 6.86573100e+00  1.41219016e-02 -8.82177421e-01  1.56566234e+00 -6.33303519e-01  7.80810392e-01 -4.32237166e-02  1.73711484e-01  2.97461861e-02  3.52680752e-02  7.61395974e-03  4.40527414e-03  1.56807465e-03  1.38595292e-03  8.18419722e-03  4.20416205e-03  5.81495905e-03 -6.68160316e-03 -9.39734294e-03  1.39955326e-02
 6.91783600e+00 -7.17453710e-02 -8.21725214e-01  1.35923197e+00 -6.04266283e-01  6.90302886e-01 -4.95187590e-02  1.54020333e-01  2.48350200e-02  2.99463665e-02  6.49155723e-03  3.41089702e-03  9.04284267e-04  1.46388553e-03  8.69855963e-03  3.92304734e-03  6.05267650e-03 -7.52559443e-03 -8.85134275e-03  1.28799588e-02
 6.96994000e+00 -1.46505177e-01 -7.64673566e-01  1.17398129e+00 -5.75704687e-01  6.08985873e-01 -5.45550006e-02  1.36393567e-01  2.04883494e-02  2.51080188e-02  5.59668435e-03  2.68497747e-03  3.67631523e-04  1.52889135e-03  9.06905162e-03  3.57222431e-03  6.14117014e-03 -8.18811101e-03 -8.22278221e-03  1.15390005e-02
 7.02204400e+00 -2.11279471e-01 -7.10912040e-01  1.00794681e+00 -5.47732560e-01  5.36000945e-01 -5.84810176e-02  1.20580348e-01  1.66496576e-02  2.07232596e-02  4.88045473e-03  2.18552640e-03 -6.54077557e-05  1.58216486e-03  9.29395128e-03  3.17020212e-03  6.09221380e-03 -8.67518752e-03 -7.52994144e-03  1.00324403e-02
 7.07414800e+00 -2.67089560e-01 -6.60320359e-01  8.59337048e-01 -5.20442949e-01  4.70566311e-01 -6.14305065e-02  1.06365035e-01  1.32685853e-02  1.67656813e-02  4.30126342e-03  1.87213609e-03 -4.14909966e-04  1.62484706e-03  9.37491434e-03  2.73489770e-03  5.91947856e-03 -8.99529159e-03 -6.78851587e-03  8.41537270e-03
 7.12625300e+00 -3.14866191e-01 -6.12769654e-01  7.26512765e-01 -4.93909639e-01  4.11967536e-01 -6.35242614e-02  9.35620918e-02  1.02999731e-02  1.32109805e-02  3.82445773e-03  1.70694107e-03 -6.97573060e-04  1.65779386e-03  9.31662800e-03  2.28301668e-03  5.63784740e-03 -9.15890665e-03 -6.01224693e-03  6.73734793e-03
 7.17835700e+00 -3.55453041e-01 -5.68128920e-01  6.07984595e-01 -4.68191519e-01  3.59556119e-01 -6.48715109e-02  8.20129676e-02  7.70338577e-03  1.00364485e-02  3.42188266e-03  1.65531010e-03 -9.26889219e-04  1.68146235e-03  9.12641419e-03  1.82966869e-03  5.26287678e-03 -9.17808921e-03 -5.21346644e-03  5.04206815e-03
 7.23046100e+00 -3.89618755e-01 -5.26261955e-01  5.02386421e-01 -4.43331666e-01  3.12737490e-01 -6.55713621e-02  7.15809213e-02  5.44217760e-03  7.22003446e-03  3.07121170e-03  1.68624738e-03 -1.11346982e-03  1.69589336e-03  8.81379212e-03  1.38805445e-03  4.81030928e-03 -9.06607138e-03 -4.40334500e-03  3.36705926e-03
 7.28256500e+00 -4.18059286e-01 -4.87033073e-01  4.08475289e-01 -4.19361308e-01  2.70970828e-01 -6.57136118e-02  6.21487238e-02  3.48322391e-03  4.74028708e-03  2.75529963e-03  1.77260801e-03 -1.26537705e-03  1.70075006e-03  8.39004225e-03  9.69371447e-04  4.29573047e-03 -8.83685741e-03 -3.59217064e-03  1.74389906e-03
 7.33466900e+00 -4.41404657e-01 -4.50307781e-01  3.25118931e-01 -3.96301031e-01  2.33763480e-01 -6.53796055e-02  5.36154783e-02  1.79643745e-03  2.57608716e-03  2.46146295e-03  1.89112022e-03 -1.38851334e-03  1.69539929e-03  7.86777655e-03  5.82781258e-04  3.73427774e-03 -8.50487557e-03 -2.78946216e-03  1.98457414e-04
 7.38677400e+00 -4.60224681e-01 -4.15953419e-01  2.51285364e-01 -3.74161894e-01  2.00666359e-01 -6.46428975e-02  4.58939258e-02  3.54388863e-04  7.06523662e-04  2.18077533e-03  2.02228224e-03 -1.48700998e-03  1.67901234e-03  7.26051633e-03  2.35459244e-04  3.14040441e-03 -8.08465707e-03 -2.00401503e-03 -1.24873852e-03
 7.43887800e+00 -4.75032657e-01 -3.83842735e-01  1.86039976e-01 -3.52948466e-01  1.71272720e-01 -6.35698946e-02  3.89088135e-02 -8.67883205e-04 -8.88985119e-04  1.90742534e-03  2.15015026e-03 -1.56359100e-03  1.65067397e-03  6.58236025e-03 -6.72654274e-05  2.52775296e-03 -7.59060024e-03 -1.24397619e-03 -2.58192736e-03
 7.49098200e+00 -4.86292257e-01 -3.53850658e-01  1.28529267e-01 -3.32657484e-01  1.45210993e-01 -6.22202745e-02  3.25941143e-02 -1.89328505e-03 -2.23087299e-03  1.63807341e-03  2.26208774e-03 -1.61992586e-03  1.60948368e-03  5.84756916e-03 -3.21796541e-04  1.90895521e-03 -7.03669462e-03 -5.16739561e-04 -3.78977281e-03
 7.54308600e+00 -4.94420418e-01 -3.25857478e-01  7.79794751e-02 -3.13280617e-01  1.22144282e-01 -6.06474912e-02  2.68920249e-02 -2.74276112e-03 -3.33921265e-03  1.37132549e-03  2.34844946e-03 -1.65692477e-03  1.55464826e-03  5.07030646e-03 -5.26066304e-04  1.29558141e-03 -6.43636600e-03  1.71021880e-04 -4.86473054e-03
 7.59519000e+00 -4.99791857e-01 -2.99748492e-01  3.36884151e-02 -2.94804965e-01  1.01766835e-01 -5.88991825e-02  2.17514560e-02 -3.43550006e-03 -4.23367294e-03  1.10724722e-03  2.40225917e-03 -1.67500135e-03  1.48555709e-03  4.26436380e-03 -6.79354441e-04  6.98062187e-04 -5.80232192e-03  8.13404855e-04 -5.80256627e-03
 7.64729500e+00 -5.02742931e-01 -2.75413730e-01 -4.98137243e-03 -2.77213528e-01  8.38010889e-02 -5.70175266e-02  1.71268175e-02 -3.98909439e-03 -4.93344265e-03  8.46946868e-04  2.41888084e-03 -1.67428911e-03  1.40183742e-03  3.44292396e-03 -7.82100409e-04  1.25636005e-04 -5.14642694e-03  1.40531752e-03 -6.60188331e-03
 7.69939900e+00 -5.03575004e-01 -2.52749852e-01 -3.86054408e-02 -2.60487247e-01  6.79965675e-02 -5.50397647e-02  1.29774277e-02 -4.41963063e-03 -5.45709400e-03  5.92249040e-04  2.39569681e-03 -1.65481581e-03  1.30339937e-03  2.61844393e-03 -8.35713072e-04 -4.13627592e-04 -4.47967306e-03  1.94245844e-03 -7.26361163e-03
 7.75150300e+00 -5.02558052e-01 -2.31657310e-01 -6.77071126e-02 -2.44603586e-01  5.41255838e-02 -5.29983461e-02  9.26621327e-03 -4.74186621e-03 -5.82258243e-03  3.45379814e-04  2.33180385e-03 -1.61663738e-03  1.19044645e-03  1.80241892e-03 -8.42409858e-04 -9.12895297e-04 -3.81205106e-03  2.42139810e-03 -7.79068776e-03
 7.80360700e+00 -4.99933427e-01 -2.12042156e-01 -9.27592413e-02 -2.29538423e-01  4.19825914e-02 -5.09214240e-02  5.95944656e-03 -4.96928546e-03 -6.04711909e-03  1.08757806e-04  2.22772550e-03 -1.55993578e-03  1.06348539e-03  1.00534071e-03 -8.05049245e-04 -1.36650988e-03 -3.15257170e-03  2.83953380e-03 -8.18762168e-03
 7.85571100e+00 -4.95916707e-01 -1.93815404e-01 -1.14189443e-01 -2.15266159e-01  3.13819138e-02 -4.88331633e-02  3.02614641e-03 -5.11420201e-03 -6.14712723e-03 -1.15190420e-04  2.08515082e-03 -1.48508589e-03  9.23314297e-04  2.36610619e-04 -7.26990172e-04 -1.76997122e-03 -2.50924455e-03  3.19509116e-03 -8.46018770e-03
 7.90781600e+00 -4.90700144e-01 -1.76892532e-01 -1.32384492e-01 -2.01759854e-01  2.21558251e-02 -4.67540342e-02  4.37625414e-04 -5.18784195e-03 -6.13819477e-03 -3.24170692e-04  1.90669354e-03 -1.39269378e-03  7.70997500e-04 -4.95515717e-04 -6.11962679e-04 -2.11989945e-03 -1.88907436e-03  3.48710715e-03 -8.61514263e-03
 7.95992000e+00 -4.84455409e-01 -1.61194551e-01 -1.47692728e-01 -1.88992580e-01  1.41536168e-02 -4.47012958e-02 -1.83264109e-03 -5.20041518e-03 -6.03504316e-03 -5.16105197e-04  1.69569477e-03 -1.28362231e-03  6.07846319e-04 -1.18388832e-03 -4.63966608e-04 -2.41395510e-03 -1.29812996e-03  3.71537668e-03 -8.65997177e-03
 8.01202400e+00 -4.77335117e-01 -1.46645842e-01 -1.60429567e-01 -1.76936152e-01  7.23905504e-03 -4.26890678e-02 -3.80956783e-03 -5.16119383e-03 -5.85150412e-03 -6.89225480e-04  1.45601523e-03 -1.15898126e-03  4.35363820e-04 -1.82254031e-03 -2.87162547e-04 -2.65081620e-03 -7.41505558e-04  3.88044485e-03 -8.60269844e-03
 8.06412800e+00 -4.69475139e-01 -1.33175250e-01 -1.70879186e-01 -1.65562421e-01  1.28974727e-03 -4.07287907e-02 -5.51645566e-03 -5.07857100e-03 -5.60050762e-03 -8.42099463e-04  1.19188487e-03 -1.02012126e-03  2.55214451e-04 -2.40660480e-03 -8.57983274e-05 -2.83007965e-03 -2.23410347e-04  3.98353431e-03 -8.45169417e-03
 8.11623200e+00 -4.60996258e-01 -1.20715531e-01 -1.79297765e-01 -1.54843208e-01 -3.80429937e-03 -3.88294718e-02 -6.97520153e-03 -4.96012438e-03 -5.29408179e-03 -9.73658375e-04  9.07758410e-04 -8.68609526e-04  6.91773181e-05 -2.93228777e-03  1.35861958e-04 -2.95219182e-03  2.52795534e-04  4.02649649e-03 -8.21553573e-03
 8.16833700e+00 -4.52005586e-01 -1.09202923e-01 -1.85916219e-01 -1.44750288e-01 -8.14190235e-03 -3.69979222e-02 -8.20644261e-03 -4.81267120e-03 -4.94335340e-03 -1.08320498e-03  6.08188570e-04 -7.06197014e-04 -1.20901646e-04 -3.39682234e-03  3.73600595e-04 -3.01836865e-03  6.84555980e-04  4.01175115e-03 -7.90287633e-03
 8.22044100e+00 -4.42598681e-01 -9.85778016e-02 -1.90942104e-01 -1.35256296e-01 -1.18114364e-02 -3.52391521e-02 -9.22956200e-03 -4.64233480e-03 -4.55859066e-03 -1.17039914e-03  2.97747177e-04 -5.34797209e-04 -3.13137902e-04 -3.79837075e-03  6.23275920e-04 -3.03050820e-03  1.07003045e-03  3.94222581e-03 -7.52237029e-03
 8.27254500e+00 -4.32859805e-01 -8.87831635e-02 -1.94562554e-01 -1.26333686e-01 -1.48922921e-02 -3.35563995e-02 -1.00629052e-02 -4.45457926e-03 -4.14918348e-03 -1.23525431e-03 -1.90947637e-05 -3.56431239e-04 -5.05670670e-04 -4.13600740e-03  8.80889680e-04 -2.99111355e-03  1.40808556e-03  3.82128927e-03 -7.08255420e-03
 8.32464900e+00 -4.22863752e-01 -7.97653407e-02 -1.96945710e-01 -1.17955613e-01 -1.74554086e-02 -3.19514956e-02 -1.07237413e-02 -4.25426915e-03 -3.72369565e-03 -1.27810540e-03 -3.38014351e-04 -1.73203519e-04 -6.96685381e-04 -4.40960684e-03  1.14260173e-03 -2.90320212e-03  1.69820185e-03  3.65268622e-03 -6.59180226e-03
 8.37675400e+00 -4.12676522e-01 -7.14734458e-02 -1.98242690e-01 -1.10095664e-01 -1.95642030e-02 -3.04250070e-02 -1.12283460e-02 -4.04570898e-03 -3.28987965e-03 -1.29958312e-03 -6.54904987e-04  1.27407353e-05 -8.84453800e-04 -4.61977891e-03  1.40476613e-03 -2.77022106e-03  1.94042755e-03  3.44046784e-03 -6.05825560e-03
 8.42885800e+00 -4.02357034e-01 -6.38598344e-02 -1.98589133e-01 -1.02728522e-01 -2.12751484e-02 -2.89765410e-02 -1.15920062e-02 -3.83270288e-03 -2.85474245e-03 -1.30058121e-03 -9.65896637e-04  1.99235324e-04 -1.06734810e-03 -4.76777514e-03  1.66393261e-03 -2.59597720e-03  2.13530240e-03  3.18894478e-03 -5.48981990e-03
 8.48096200e+00 -3.91956771e-01 -5.68790021e-02 -1.98106833e-01 -9.58291056e-02 -2.26386817e-02 -2.76047435e-02 -1.18291126e-02 -3.61857128e-03 -2.42452954e-03 -1.28222565e-03 -1.26742643e-03  3.84146250e-04 -1.24388623e-03 -4.85543472e-03  1.91689403e-03 -2.38454357e-03  2.28382836e-03  2.90260043e-03 -4.89406804e-03
 8.53306600e+00 -3.81521301e-01 -5.04880965e-02 -1.96904970e-01 -8.93732228e-02 -2.36996419e-02 -2.63075752e-02 -1.19531503e-02 -3.40620521e-03 -2.00479356e-03 -1.24583859e-03 -1.55623900e-03  5.65386272e-04 -1.41273627e-03 -4.88509068e-03  2.16067979e-03 -2.14019460e-03  2.38739466e-03  2.58604668e-03 -4.27825181e-03
 8.58517000e+00 -3.71090737e-01 -4.46466234e-02 -1.95081360e-01 -8.33374449e-02 -2.44978663e-02 -2.50824228e-02 -1.19767392e-02 -3.19809831e-03 -1.60042193e-03 -1.19290511e-03 -1.82940936e-03  7.40944105e-04 -1.57273417e-03 -4.85950075e-03  2.39257127e-03 -1.86733422e-03  2.44772975e-03  2.24396349e-03 -3.64926926e-03
 8.63727500e+00 -3.60700122e-01 -3.93162307e-02 -1.92723514e-01 -7.76990211e-02 -2.50687017e-02 -2.39262052e-02 -1.19116605e-02 -2.99637646e-03 -1.21566554e-03 -1.12503882e-03 -2.08435752e-03  9.08909928e-04 -1.72289620e-03 -4.78177493e-03  2.61011348e-03 -1.57042506e-03  2.46685054e-03  1.88103844e-03 -3.01363437e-03
 8.68937900e+00 -3.50380742e-01 -3.44609984e-02 -1.89909832e-01 -7.24363177e-02 -2.54434212e-02 -2.28355730e-02 -1.17688918e-02 -2.80284447e-03 -8.54203481e-04 -1.04395570e-03 -2.31883324e-03  1.06748170e-03 -1.86241280e-03 -4.65531611e-03  2.81110392e-03 -1.25395208e-03  2.44701377e-03  1.50194531e-03 -2.37751180e-03
 8.74148300e+00 -3.40159391e-01 -3.00467235e-02 -1.86710235e-01 -6.75281761e-02 -2.56497024e-02 -2.18068756e-02 -1.15586278e-02 -2.61899179e-03 -5.19133514e-04 -9.51436292e-04 -2.53094442e-03  1.21500042e-03 -1.99066727e-03 -4.48374890e-03  2.99362078e-03 -9.22334012e-04  2.39067303e-03  1.11125656e-03 -1.74663272e-03
 8.79358700e+00 -3.30059579e-01 -2.60412427e-02 -1.83187159e-01 -6.29543551e-02 -2.57119562e-02 -2.08363379e-02 -1.12903129e-02 -2.44603510e-03 -2.13036052e-04 -8.49302717e-04 -2.71913199e-03  1.34994981e-03 -2.10722179e-03 -4.27086735e-03  3.15600700e-03 -5.79897219e-04  2.30043447e-03  7.13429249e-04 -1.12633550e-03
 8.84569100e+00 -3.20101692e-01 -2.24142364e-02 -1.79396260e-01 -5.86954164e-02 -2.56516791e-02 -1.99201126e-02 -1.09726706e-02 -2.28493937e-03  6.20004637e-05 -7.39391696e-04 -2.88216628e-03  1.47096956e-03 -2.21181496e-03 -4.02058121e-03  3.29687388e-03 -2.30827171e-04  2.17901855e-03  3.12760972e-04 -5.21547922e-04
 8.89779600e+00 -3.10303129e-01 -1.91370849e-02 -1.75387005e-01 -5.47326456e-02 -2.54877586e-02 -1.90543292e-02 -1.06137267e-02 -2.13643814e-03  3.04352070e-04 -6.23528723e-04 -3.01913791e-03  1.57686442e-03 -2.30435527e-03 -3.73686244e-03  3.41510072e-03  1.20875743e-04  2.02922101e-03 -8.66508636e-05  6.32272695e-05
 8.94990000e+00 -3.00679335e-01 -1.61830336e-02 -1.71203591e-01 -5.10483418e-02 -2.52367656e-02 -1.82352136e-02 -1.02208687e-02 -2.00106607e-03  5.12810663e-04 -5.03515798e-04 -3.12943401e-03  1.66660117e-03 -2.38490373e-03 -3.42372452e-03  3.50982213e-03  4.71401148e-04  1.85389208e-03 -4.80907212e-04  6.23869387e-04
 9.00200400e+00 -2.91242929e-01 -1.35267417e-02 -1.66885035e-01 -4.76253504e-02 -2.49131879e-02 -1.74590344e-02 -9.80083575e-03 -1.87916142e-03  6.86582474e-04 -3.81099055e-04 -3.21273852e-03  1.73932344e-03 -2.45367205e-03 -3.08515127e-03  3.58043606e-03  8.17196011e-04  1.65588938e-03 -8.66378111e-04  1.15670693e-03
 9.05410800e+00 -2.82004686e-01 -1.11444678e-02 -1.62465972e-01 -4.44473592e-02 -2.45296690e-02 -1.67222081e-02 -9.35977787e-03 -1.77089591e-03  8.25240511e-04 -2.57960838e-04 -3.26900420e-03  1.79434392e-03 -2.51100137e-03 -2.72508417e-03  3.62658725e-03  1.15495926e-03  1.43806215e-03 -1.23969241e-03  1.65847019e-03
 9.10621200e+00 -2.72973546e-01 -9.01393576e-03 -1.57977029e-01 -4.14988045e-02 -2.40972115e-02 -1.60213112e-02 -8.90328108e-03 -1.67628849e-03  9.28702345e-04 -1.35702992e-04 -3.29843775e-03  1.83114537e-03 -2.55734905e-03 -2.34738749e-03  3.64816128e-03  1.48166535e-03  1.20322476e-03 -1.59776194e-03  2.12629897e-03
 9.15831700e+00 -2.64156626e-01 -7.11423394e-03 -1.53445143e-01 -3.87648044e-02 -2.36253528e-02 -1.53530921e-02 -8.43639069e-03 -1.59521938e-03  9.97204979e-04 -1.58321502e-05 -3.30148105e-03  1.84937818e-03 -2.59327339e-03 -1.95581511e-03  3.64527458e-03  1.79458246e-03  9.54130634e-04 -1.93780056e-03  2.55774529e-03
 9.21042100e+00 -2.55560058e-01 -5.42589396e-03 -1.48894277e-01 -3.62313473e-02 -2.31223697e-02 -1.47145384e-02 -7.96367901e-03 -1.52745035e-03  1.03127515e-03  1.00241535e-04 -3.27879263e-03  1.84885534e-03 -2.61941474e-03 -1.55401897e-03  3.61826412e-03  2.09125683e-03  6.93473304e-04 -2.25730732e-03  2.95073410e-03
 9.26252500e+00 -2.47188116e-01 -3.93061122e-03 -1.44345222e-01 -3.38849593e-02 -2.25953733e-02 -1.41028132e-02 -7.48922283e-03 -1.47262863e-03  1.03171299e-03  2.11226756e-04 -3.23122891e-03  1.82954939e-03 -2.63648319e-03 -1.14548556e-03  3.56767504e-03  2.36955307e-03  4.23841677e-04 -2.55411120e-03  3.30360474e-03
 9.31462900e+00 -2.39044024e-01 -2.61133581e-03 -1.39816249e-01 -3.17128988e-02 -2.20504799e-02 -1.35153138e-02 -7.01666995e-03 -1.43030573e-03  9.99562782e-04  3.15948502e-04 -3.15982458e-03  1.79158454e-03 -2.64523929e-03 -7.33550639e-04  3.49424729e-03  2.62763048e-03  1.47725471e-04 -2.82634685e-03  3.61506732e-03
 9.36673300e+00 -2.31129905e-01 -1.45217676e-03 -1.35323284e-01 -2.97030835e-02 -2.14929234e-02 -1.29496628e-02 -6.54926018e-03 -1.39994715e-03  9.36092058e-04  4.13355447e-04 -3.06577404e-03  1.73523028e-03 -2.64647890e-03 -3.21379733e-04  3.39890179e-03  2.86394662e-03 -1.32500701e-04 -3.07246047e-03  3.88420024e-03
 9.41883800e+00 -2.23446741e-01 -4.38328458e-04 -1.30880069e-01 -2.78440359e-02 -2.09271521e-02 -1.24036980e-02 -6.08984567e-03 -1.38094280e-03  8.42767679e-04  5.02525073e-04 -2.95041066e-03  1.66089215e-03 -2.64101773e-03  8.80492156e-05  3.28272322e-03  3.07725567e-03 -4.14591907e-04 -3.29121004e-03  4.11044158e-03
 9.47094200e+00 -2.15995053e-01  4.43908092e-04 -1.26498717e-01 -2.61250040e-02 -2.03569691e-02 -1.18755111e-02 -5.64095397e-03 -1.37261828e-03  7.21242422e-04  5.82659044e-04 -2.81519794e-03  1.56910957e-03 -2.62967728e-03  4.91921520e-04  3.14695382e-03  3.26658454e-03 -6.96418411e-04 -3.48164290e-03  4.29355891e-03
 9.52304600e+00 -2.08774103e-01  1.20729392e-03 -1.22189397e-01 -2.45357273e-02 -1.97855535e-02 -1.13633797e-02 -5.20476187e-03 -1.37424204e-03  5.73323643e-04  6.53094243e-04 -2.66169877e-03  1.46053867e-03 -2.61327065e-03  8.87637912e-04  2.99296401e-03  3.43124713e-03 -9.76003636e-04 -3.64311234e-03  4.43366033e-03
 9.57515000e+00 -2.01782573e-01  1.86362255e-03 -1.17960853e-01 -2.30665624e-02 -1.92155804e-02 -1.08658023e-02 -4.78315640e-03 -1.38503588e-03  4.00959921e-04  7.13295275e-04 -2.49156697e-03  1.33594864e-03 -2.59259029e-03  1.27278602e-03  2.82224442e-03  3.57081534e-03 -1.25150629e-03 -3.77524958e-03  4.53116032e-03
 9.62725500e+00 -1.95018354e-01  2.42380000e-03 -1.13820396e-01 -2.17084013e-02 -1.86492668e-02 -1.03814697e-02 -4.37774259e-03 -1.40418330e-03  2.06216187e-04  7.62855545e-04 -2.30652530e-03  1.19620841e-03 -2.56839612e-03  1.64515659e-03  2.63638347e-03  3.68511156e-03 -1.52123316e-03 -3.87795745e-03  4.58676808e-03
 9.67935900e+00 -1.88479133e-01  2.89785158e-03 -1.09774360e-01 -2.04527534e-02 -1.80884758e-02 -9.90929116e-03 -3.98989712e-03 -1.43083571e-03 -8.72979269e-06  8.01491106e-04 -2.10836429e-03  1.04228823e-03 -2.54140734e-03  2.00271507e-03  2.43706508e-03  3.77418518e-03 -1.78361951e-03 -3.95138888e-03  4.60146618e-03
 9.73146300e+00 -1.82161673e-01  3.29503258e-03 -1.05827758e-01 -1.92915697e-02 -1.75347042e-02 -9.44832767e-03 -3.62074312e-03 -1.46412215e-03 -2.41628295e-04  8.29042921e-04 -1.89890598e-03  8.75234018e-04 -2.51229090e-03  2.34364311e-03  2.22603026e-03  3.83830964e-03 -2.03725989e-03 -3.99594322e-03  4.57649814e-03
 9.78356700e+00 -1.76062397e-01  3.62382877e-03 -1.01984712e-01 -1.82173296e-02 -1.69891727e-02 -8.99781700e-03 -3.27120176e-03 -1.50315512e-03 -4.90160964e-04  8.45468616e-04 -1.68000356e-03  6.96168186e-04 -2.48165585e-03  2.66630720e-03  2.00507444e-03  3.87795613e-03 -2.28088607e-03 -4.01224115e-03  4.51334405e-03
 9.83567100e+00 -1.70177308e-01  3.89201170e-03 -9.82484753e-02 -1.72229943e-02 -1.64528558e-02 -8.55715163e-03 -2.94200301e-03 -1.54703764e-03 -7.51961717e-04  8.50838589e-04 -1.45352438e-03  5.06277537e-04 -2.45004680e-03  2.96926262e-03  1.77602744e-03  3.89377848e-03 -2.51336998e-03 -4.00110927e-03  4.41370195e-03
 9.88777600e+00 -1.64501931e-01  4.10668469e-03 -9.46214572e-02 -1.63019705e-02 -1.59265080e-02 -8.12585747e-03 -2.63369734e-03 -1.59487061e-03 -1.02463894e-03  8.45330248e-04 -1.22133259e-03  3.06799795e-04 -2.41793867e-03  3.25125441e-03  1.54073273e-03  3.88659492e-03 -2.73372486e-03 -3.96356091e-03  4.27946460e-03
 9.93988000e+00 -1.59031790e-01  4.27430829e-03 -9.11055796e-02 -1.54481606e-02 -1.54107345e-02 -7.70361367e-03 -2.34669494e-03 -1.64575524e-03 -1.30577065e-03  8.29222558e-04 -9.85294873e-04  9.90296607e-05 -2.38573570e-03  3.51119136e-03  1.30104994e-03  3.85737103e-03 -2.94108484e-03 -3.90078063e-03  4.11270961e-03
 9.99198400e+00 -1.53761800e-01  4.40076427e-03 -8.77019337e-02 -1.46558382e-02 -1.49059580e-02 -7.29018972e-03 -2.08124505e-03 -1.69880444e-03 -1.59295180e-03  8.02888852e-04 -7.47242181e-04 -1.15713501e-04 -2.35376573e-03  3.74817320e-03  1.05881254e-03  3.80720088e-03 -3.13472606e-03 -3.81410082e-03  3.91566302e-03
 1.00440880e+01 -1.48686746e-01  4.49137640e-03 -8.44111261e-02 -1.39197011e-02 -1.44124822e-02 -6.88546573e-03 -1.83747349e-03 -1.75314471e-03 -1.88378865e-03  7.66790120e-04 -5.08976661e-04 -3.36079645e-04 -2.32228180e-03  3.96146277e-03  8.15831374e-04  3.73728943e-03 -3.31404477e-03 -3.70498474e-03  3.69068789e-03
 1.00961920e+01 -1.43801210e-01  4.55095173e-03 -8.12332672e-02 -1.32348348e-02 -1.39305018e-02 -6.48941133e-03 -1.61538893e-03 -1.80792234e-03 -2.17591857e-03  7.21467755e-04 -2.72257131e-04 -5.60700728e-04 -2.29146190e-03  4.15048561e-03  5.73876492e-04  3.64893517e-03 -3.47855655e-03 -3.57500692e-03  3.44026106e-03
 1.01482970e+01 -1.39099518e-01  4.58381624e-03 -7.81679660e-02 -1.25966820e-02 -1.34601104e-02 -6.10206588e-03 -1.41489042e-03 -1.86230937e-03 -2.46702953e-03  6.67534937e-04 -3.87851826e-05 -7.88203801e-04 -2.26140991e-03  4.31482658e-03  3.34659708e-04  3.54351098e-03 -3.62789357e-03 -3.42583108e-03  3.16694677e-03
 1.02004010e+01 -1.34576129e-01  4.59384673e-03 -7.52146105e-02 -1.20010736e-02 -1.30013512e-02 -5.72355619e-03 -1.23579264e-03 -1.91550414e-03 -2.75485115e-03  6.05673237e-04  1.89785742e-04 -1.01720194e-03 -2.23216036e-03  4.45421126e-03  9.98409631e-05  3.42245634e-03 -3.76178787e-03 -3.25920327e-03  2.87339750e-03
 1.02525050e+01 -1.30225128e-01  4.58450695e-03 -7.23720570e-02 -1.14441367e-02 -1.25541746e-02 -5.35404046e-03 -1.07781200e-03 -1.96674193e-03 -3.03720085e-03  5.36618546e-04  4.11885408e-04 -1.24632868e-03 -2.20367848e-03  4.56851825e-03 -1.29010274e-04  3.28724946e-03 -3.88008270e-03 -3.07691646e-03  2.56230211e-03
 1.03046090e+01 -1.26040619e-01  4.55887570e-03 -6.96389063e-02 -1.09223277e-02 -1.21184856e-02 -4.99372739e-03 -9.40590799e-04 -2.01529483e-03 -3.31197338e-03  4.61157125e-04  6.26016231e-04 -1.47422841e-03 -2.17586684e-03  4.65775949e-03 -3.50406545e-04  3.13940034e-03 -3.98271496e-03 -2.88080413e-03  2.23638665e-03
 1.03567130e+01 -1.22016659e-01  4.51967741e-03 -6.70134775e-02 -1.04324023e-02 -1.16941428e-02 -4.64285847e-03 -8.23700688e-04 -2.06047659e-03 -3.57715755e-03  3.80116681e-04  8.30764604e-04 -1.69956835e-03 -2.14856986e-03  4.72207686e-03 -5.62955960e-04  2.98043491e-03 -4.06971232e-03 -2.67272064e-03  1.89839009e-03
 1.04088180e+01 -1.18147211e-01  4.46930935e-03 -6.44937921e-02 -9.97139009e-03 -1.12809584e-02 -4.30169197e-03 -7.26647808e-04 -2.10164677e-03 -3.83085137e-03  2.94356711e-04  1.02481068e-03 -1.92104994e-03 -2.12157909e-03  4.76173609e-03 -7.65373840e-04  2.81187872e-03 -4.14118858e-03 -2.45452094e-03  1.55103890e-03
 1.04609220e+01 -1.14426466e-01  4.40987270e-03 -6.20777937e-02 -9.53661285e-03 -1.08787354e-02 -3.97052014e-03 -6.48885965e-04 -2.13821081e-03 -4.07125227e-03  2.04767252e-04  1.20691917e-03 -2.13739881e-03 -2.09464156e-03  4.77711745e-03 -9.56474126e-04  2.63525803e-03 -4.19733268e-03 -2.22806236e-03  1.19705607e-03
 1.05130260e+01 -1.10848416e-01  4.34319221e-03 -5.97630837e-02 -9.12561578e-03 -1.04872255e-02 -3.64962171e-03 -5.89811010e-04 -2.16962755e-03 -4.29669517e-03  1.12251157e-04  1.37596662e-03 -2.34739685e-03 -2.06746349e-03  4.76871363e-03 -1.13519838e-03  2.45206920e-03 -4.23841125e-03 -1.99516518e-03  8.39103913e-04
 1.05651300e+01 -1.07407179e-01  4.27084425e-03 -5.75471398e-02 -8.73618738e-03 -1.01061651e-02 -3.33928088e-03 -5.48773671e-04 -2.19540844e-03 -4.50564048e-03  1.77229025e-05  1.53093046e-03 -2.54987123e-03 -2.03971956e-03  4.73711967e-03 -1.30060456e-03  2.26378151e-03 -4.26475724e-03 -1.75761611e-03  4.79794422e-04
 1.06172340e+01 -1.04096938e-01  4.19417884e-03 -5.54272891e-02 -8.36633516e-03 -9.73527152e-03 -3.03977387e-03 -5.25082057e-04 -2.21512045e-03 -4.69668614e-03 -7.79005499e-05  1.67089644e-03 -2.74370450e-03 -2.01105976e-03  4.68302735e-03 -1.45187447e-03  2.07182490e-03 -4.27676602e-03 -1.51715203e-03  1.21667374e-04
 1.06693390e+01 -1.00911906e-01  4.11433982e-03 -5.34006898e-02 -8.01426409e-03 -9.37423873e-03 -2.75135750e-03 -5.18005838e-04 -2.22838804e-03 -4.86857672e-03 -1.73708914e-04  1.79506380e-03 -2.92784329e-03 -1.98111643e-03  4.60721702e-03 -1.58831858e-03  1.87757821e-03 -4.27488995e-03 -1.27544439e-03 -2.32830695e-04
 1.07214430e+01 -9.78465786e-02  4.03229144e-03 -5.14645040e-02 -7.67838884e-03 -9.02276813e-03 -2.47428572e-03 -5.26780291e-04 -2.23489363e-03 -5.02019575e-03 -2.68798309e-04  1.90273831e-03 -3.10128940e-03 -1.94951418e-03  4.51055738e-03 -1.70936713e-03  1.68237713e-03 -4.25963373e-03 -1.03410790e-03 -5.81332603e-04
 1.07735470e+01 -9.48953894e-02  3.94882833e-03 -4.96156816e-02 -7.35727927e-03 -8.68052936e-03 -2.20877171e-03 -5.50609054e-04 -2.23438021e-03 -5.15058975e-03 -3.62289139e-04  1.99334830e-03 -3.26312549e-03 -1.91587418e-03  4.39399032e-03 -1.81458618e-03  1.48748573e-03 -4.23154924e-03 -7.94663962e-04 -9.21603583e-04
 1.08256510e+01 -9.20529665e-02  3.86459960e-03 -4.78511348e-02 -7.04967420e-03 -8.34719057e-03 -1.95500622e-03 -5.88668284e-04 -2.22665082e-03 -5.25895790e-03 -4.53325232e-04  2.06643582e-03 -3.41250487e-03 -1.87982383e-03  4.25852996e-03 -1.90366609e-03  1.29410627e-03 -4.19123078e-03 -5.58551644e-04 -1.25152500e-03
 1.08777560e+01 -8.93140337e-02  3.78012253e-03 -4.61676823e-02 -6.75445594e-03 -8.02240745e-03 -1.71314397e-03 -6.40110594e-04 -2.21156883e-03 -5.34465933e-03 -5.41083507e-04  2.12166051e-03 -3.54866125e-03 -1.84100284e-03  4.10525196e-03 -1.97642388e-03  1.10336773e-03 -4.13930945e-03 -3.27112288e-04 -1.56911710e-03
 1.09298600e+01 -8.66736307e-02  3.69580475e-03 -4.45621919e-02 -6.47066013e-03 -7.70585014e-03 -1.48331920e-03 -7.04063827e-04 -2.18905925e-03 -5.40720831e-03 -6.24773119e-04  2.15879554e-03 -3.67090172e-03 -1.79907327e-03  3.93529938e-03 -2.03279544e-03  9.16337086e-04 -4.07645315e-03 -1.01601908e-04 -1.87252357e-03
 1.09819640e+01 -8.41268082e-02  3.61194904e-03 -4.30314013e-02 -6.19742979e-03 -7.39716799e-03 -1.26561560e-03 -7.79639863e-04 -2.15910652e-03 -5.44628463e-03 -7.03651007e-04  2.17773317e-03 -3.77862524e-03 -1.75372173e-03  3.74985867e-03 -2.07284050e-03  7.33994954e-04 -4.00335633e-03  1.16839643e-04 -2.16005578e-03
 1.10340680e+01 -8.16688495e-02  3.52877340e-03 -4.15720625e-02 -5.93402671e-03 -7.09601671e-03 -1.06008338e-03 -8.65933687e-04 -2.12175483e-03 -5.46172611e-03 -7.77020086e-04  2.17847882e-03 -3.87131422e-03 -1.70466864e-03  3.55016497e-03 -2.09673262e-03  5.57248639e-04 -3.92073983e-03  3.27173838e-04 -2.43017450e-03
 1.10861720e+01 -7.92952252e-02  3.44642181e-03 -4.01809223e-02 -5.67981475e-03 -6.80205426e-03 -8.66733412e-04 -9.62026982e-04 -2.07710677e-03 -5.45352909e-03 -8.44235538e-04  2.16115041e-03 -3.94853902e-03 -1.65167326e-03  3.33749304e-03 -2.10475581e-03  3.86927585e-04 -3.82934621e-03  5.28469974e-04 -2.68150132e-03
 1.11382770e+01 -7.70015570e-02  3.36497419e-03 -3.88547099e-02 -5.43424480e-03 -6.51493757e-03 -6.85533141e-04 -1.06699290e-03 -2.02532082e-03 -5.42184532e-03 -9.04710007e-04  2.12597497e-03 -4.00996039e-03 -1.59453781e-03  3.11314672e-03 -2.09729878e-03  2.23780141e-04 -3.72993408e-03  7.19909728e-04 -2.91282690e-03
 1.11903810e+01 -7.47837980e-02  3.28446313e-03 -3.75902502e-02 -5.19686373e-03 -6.23434668e-03 -5.16420055e-04 -1.17989052e-03 -1.96661372e-03 -5.36698168e-03 -9.57912712e-04  2.07328876e-03 -4.05532592e-03 -1.53311661e-03  2.87847017e-03 -2.07484970e-03  6.84863994e-05 -3.62328235e-03  9.00772675e-04 -3.12309649e-03
 1.12424850e+01 -7.26379729e-02  3.20487407e-03 -3.63843227e-02 -4.96727679e-03 -5.95995396e-03 -3.59281000e-04 -1.29977961e-03 -1.90125239e-03 -5.28939260e-03 -1.00337956e-03  2.00352965e-03 -4.08447752e-03 -1.46731355e-03  2.63481586e-03 -2.03798872e-03 -7.83595635e-05 -3.51017544e-03  1.07045747e-03 -3.31143823e-03
 1.12945890e+01 -7.05603596e-02  3.12616025e-03 -3.52337763e-02 -4.74515803e-03 -5.69144855e-03 -2.13966898e-04 -1.42571539e-03 -1.82955534e-03 -5.18967715e-03 -1.04071096e-03  1.91723551e-03 -4.09734633e-03 -1.39708973e-03  2.38355545e-03 -1.98738118e-03 -2.16235451e-04 -3.39140745e-03  1.22846518e-03 -3.47714563e-03
 1.13466930e+01 -6.85474463e-02  3.04824899e-03 -3.41355136e-02 -4.53023733e-03 -5.42853311e-03 -8.02900784e-05 -1.55675316e-03 -1.75188906e-03 -5.06857313e-03 -1.06957518e-03  1.81503925e-03 -4.09395345e-03 -1.32246508e-03  2.12606949e-03 -1.92377027e-03 -3.44691916e-04 -3.26777721e-03  1.37440056e-03 -3.61968162e-03
 1.13987980e+01 -6.65958955e-02  2.97104720e-03 -3.30864822e-02 -4.32228897e-03 -5.17092117e-03  4.19767174e-05 -1.69195363e-03 -1.66866337e-03 -4.92694778e-03 -1.08971017e-03  1.69766154e-03 -4.07440847e-03 -1.24351877e-03  1.86373628e-03 -1.84796770e-03 -4.63352315e-04 -3.14008266e-03  1.50797121e-03 -3.73867905e-03
 1.14509020e+01 -6.47026930e-02  2.89445357e-03 -3.20837639e-02 -4.12114047e-03 -4.91835910e-03  1.53089638e-04 -1.83037516e-03 -1.58033463e-03 -4.76580199e-03 -1.10092324e-03  1.56591486e-03 -4.03890972e-03 -1.16039659e-03  1.59794605e-03 -1.76085185e-03 -5.71901003e-04 -3.00912781e-03  1.62897364e-03 -3.83392934e-03
 1.15030060e+01 -6.28649216e-02  2.81835517e-03 -3.11244630e-02 -3.92664219e-03 -4.67059855e-03  2.53346003e-04 -1.97109209e-03 -1.48739267e-03 -4.58624626e-03 -1.10309389e-03  1.42068432e-03 -3.98774008e-03 -1.07330226e-03  1.33006476e-03 -1.66335093e-03 -6.70093939e-04 -2.87570506e-03  1.73730421e-03 -3.90539267e-03
 1.15551100e+01 -6.10799103e-02  2.74263823e-03 -3.02057967e-02 -3.73867752e-03 -4.42741850e-03  3.43072692e-04 -2.11318716e-03 -1.39036326e-03 -4.38950286e-03 -1.09617198e-03  1.26293039e-03 -3.92126573e-03 -9.82503213e-04  1.06144824e-03 -1.55644041e-03 -7.57746079e-04 -2.74060208e-03  1.83294353e-03 -3.95318379e-03
 1.16072140e+01 -5.93451925e-02  2.66719082e-03 -2.93250823e-02 -3.55715343e-03 -4.18862210e-03  4.22626382e-04 -2.25575680e-03 -1.28980267e-03 -4.17689440e-03 -1.08017773e-03  1.09368054e-03 -3.83993311e-03 -8.88328085e-04  7.93431359e-04 -1.44113347e-03 -8.34730270e-04 -2.60459659e-03  1.91595379e-03 -3.97756912e-03
 1.16593190e+01 -5.76584699e-02  2.59190495e-03 -2.84797285e-02 -3.38199231e-03 -3.95403412e-03  4.92392418e-04 -2.39791661e-03 -1.18629142e-03 -3.94982995e-03 -1.05520001e-03  9.14019148e-04 -3.74426365e-03 -7.91163105e-04  5.27317255e-04 -1.31847046e-03 -9.00974809e-04 -2.46845102e-03  1.98647409e-03 -3.97896041e-03
 1.17114230e+01 -5.60177358e-02  2.51668535e-03 -2.76673060e-02 -3.21314086e-03 -3.72352037e-03  5.52777119e-04 -2.53879315e-03 -1.08043803e-03 -3.70981283e-03 -1.02139683e-03  7.25094756e-04 -3.63485765e-03 -6.91457190e-04  2.64392073e-04 -1.18952034e-03 -9.56454882e-04 -2.33292020e-03  2.04470923e-03 -3.95790798e-03
 1.17635270e+01 -5.44210746e-02  2.44144327e-03 -2.68854560e-02 -3.05054601e-03 -3.49696217e-03  6.04213162e-04 -2.67754307e-03 -9.72862535e-04 -3.45840425e-03 -9.78990432e-04  5.28092368e-04 -3.51237919e-03 -5.89707636e-04  5.88884027e-06 -1.05535869e-03 -1.00119648e-03 -2.19873302e-03  2.09093147e-03 -3.91509330e-03
 1.18156310e+01 -5.28667848e-02  2.36610422e-03 -2.61319603e-02 -2.89416497e-03 -3.27427555e-03  6.47151312e-04 -2.81334479e-03 -8.64199829e-04 -3.19722982e-03 -9.28266479e-04  3.24239972e-04 -3.37755873e-03 -4.86463788e-04 -2.46997349e-04 -9.17069279e-04 -1.03526739e-03 -2.06660023e-03  2.12546839e-03 -3.85132006e-03
 1.18677350e+01 -5.13533388e-02  2.29060804e-03 -2.54047290e-02 -2.74395876e-03 -3.05540758e-03  6.82059053e-04 -2.94540392e-03 -7.55093003e-04 -2.92796452e-03 -8.69570674e-04  1.14797958e-04 -3.23118655e-03 -3.82320856e-04 -4.93119579e-04 -7.75734317e-04 -1.05877497e-03 -1.93720923e-03  2.14869783e-03 -3.76750559e-03
 1.19198400e+01 -4.98793454e-02  2.21490858e-03 -2.47017900e-02 -2.59988679e-03 -2.84033293e-03  7.09418198e-04 -3.07295817e-03 -6.46186507e-04 -2.65231624e-03 -8.03304042e-04 -9.89523121e-05 -3.07410452e-03 -2.77913010e-04 -7.31388501e-04 -6.32424569e-04 -1.07186267e-03 -1.81121913e-03  2.16104147e-03 -3.66466939e-03
 1.19719440e+01 -4.84436536e-02  2.13898025e-03 -2.40213448e-02 -2.46191551e-03 -2.62907059e-03  7.29720060e-04 -3.19527017e-03 -5.38129716e-04 -2.37203593e-03 -7.29924400e-04 -3.15699362e-04 -2.90721294e-03 -1.73915991e-04 -9.60758852e-04 -4.88203571e-04 -1.07470588e-03 -1.68926781e-03  2.16295758e-03 -3.54393161e-03
 1.20240480e+01 -4.70451723e-02  2.06280967e-03 -2.33616885e-02 -2.32999982e-03 -2.42165908e-03  7.43465714e-04 -3.31164460e-03 -4.31559579e-04 -2.08887449e-03 -6.49934601e-04 -5.34133597e-04 -2.73144668e-03 -7.10292123e-05 -1.18026132e-03 -3.44104649e-04 -1.06751009e-03 -1.57195495e-03  2.15493602e-03 -3.40649110e-03
 1.20761520e+01 -4.56829742e-02  1.98640166e-03 -2.27212649e-02 -2.20409262e-03 -2.21817277e-03  7.51160895e-04 -3.42142059e-03 -3.27104229e-04 -1.80459258e-03 -5.63883070e-04 -7.52938275e-04 -2.54778118e-03  3.00224755e-05 -1.38898815e-03 -2.01135860e-04 -1.05050660e-03 -1.45984938e-03  2.13749092e-03 -3.25362261e-03
 1.21282570e+01 -4.43562302e-02  1.90977613e-03 -2.20986399e-02 -2.08413832e-03 -2.01871321e-03  7.53313756e-04 -3.52397832e-03 -2.25374264e-04 -1.52093878e-03 -4.72356121e-04 -9.70804987e-04 -2.35721966e-03  1.28499222e-04 -1.58610529e-03 -6.02689414e-05 -1.02394940e-03 -1.35348229e-03  2.11115438e-03 -3.08666114e-03
 1.21803610e+01 -4.30643000e-02  1.83297356e-03 -2.14925479e-02 -1.97008088e-03 -1.82342347e-03  7.50432027e-04 -3.61873341e-03 -1.26965885e-04 -1.23966026e-03 -3.75980178e-04 -1.18642411e-03 -2.16080166e-03  2.23645509e-04 -1.77084088e-03  7.75550973e-05 -9.88114650e-04 -1.25335307e-03  2.07647300e-03 -2.90700439e-03
 1.22324650e+01 -4.18065674e-02  1.75604569e-03 -2.09018172e-02 -1.86184908e-03 -1.63246382e-03  7.43020534e-04 -3.70515068e-03 -3.24446820e-05 -9.62459213e-04 -2.75406134e-04 -1.39851697e-03 -1.95957466e-03  3.14708540e-04 -1.94251102e-03  2.11446964e-04 -9.43295193e-04 -1.15991485e-03  2.03399939e-03 -2.71608281e-03
 1.22845690e+01 -4.05825309e-02  1.67906060e-03 -2.03254153e-02 -1.75936520e-03 -1.44602555e-03  7.31578299e-04 -3.78273796e-03  5.76508245e-05 -6.91004070e-04 -1.71311059e-04 -1.60582592e-03 -1.75460223e-03  4.00937772e-04 -2.10050712e-03  3.40562479e-04 -8.89800176e-04 -1.07358078e-03  1.98428902e-03 -2.51536153e-03
 1.23366730e+01 -3.93917664e-02  1.60210040e-03 -1.97624326e-02 -1.66254219e-03 -1.26432523e-03  7.16596096e-04 -3.85104977e-03  1.42815303e-04 -4.26913789e-04 -6.43911756e-05 -1.80712524e-03 -1.54695391e-03  4.81594023e-04 -2.24430200e-03  4.64109106e-04 -8.27952642e-04 -9.94720027e-04  1.92789509e-03 -2.30632675e-03
 1.23887780e+01 -3.82338930e-02  1.52525881e-03 -1.92120670e-02 -1.57128166e-03 -1.08759912e-03  6.98553646e-04 -3.90968991e-03  2.22582001e-04 -1.71743171e-04  4.46456155e-05 -2.00123122e-03 -1.33769482e-03  5.55958014e-04 -2.37345410e-03  5.81351472e-04 -7.58086374e-04 -9.23654709e-04  1.86536310e-03 -2.09047117e-03
 1.24408820e+01 -3.71086500e-02  1.44864600e-03 -1.86736606e-02 -1.48548058e-03 -9.16114297e-04  6.77918752e-04 -3.95830842e-03  2.96520387e-04  7.30071390e-05  1.55076687e-04 -2.18699365e-03 -1.12789535e-03  6.23331845e-04 -2.48759918e-03  6.91605343e-04 -6.80549902e-04 -8.60663629e-04  1.79723189e-03 -1.86930056e-03
 1.24929860e+01 -3.60157518e-02  1.37237863e-03 -1.81466303e-02 -1.40502082e-03 -7.50145519e-04  6.55143040e-04 -3.99660953e-03  3.64248721e-04  3.05928994e-04  2.66182590e-04 -2.36332412e-03 -9.18600845e-04  6.83054482e-04 -2.58646613e-03  7.94253552e-04 -5.95697177e-04 -8.05972664e-04  1.72402313e-03 -1.64429903e-03
 1.25450900e+01 -3.49549665e-02  1.29658465e-03 -1.76305034e-02 -1.32977624e-03 -5.89986060e-04  6.30661265e-04 -4.02434789e-03  4.25430879e-04  5.25695300e-04  3.77243947e-04 -2.52918662e-03 -7.10841544e-04  7.34502570e-04 -2.66986718e-03  8.88738798e-04 -5.03891726e-04 -7.59759178e-04  1.64624309e-03 -1.41693603e-03
 1.25971940e+01 -3.39260821e-02  1.22140063e-03 -1.71249001e-02 -1.25961113e-03 -4.35941160e-04  6.04889126e-04 -4.04133061e-03  4.79780656e-04  7.31072744e-04  4.87548645e-04 -2.68360669e-03 -5.05622703e-04  7.77098270e-04 -2.73770050e-03  9.74567470e-04 -4.05504545e-04 -7.22149603e-04  1.56437910e-03 -1.18865318e-03
 1.26492990e+01 -3.29288781e-02  1.14696922e-03 -1.66295162e-02 -1.19437920e-03 -2.88322020e-04  5.78221044e-04 -4.04741779e-03  5.27064955e-04  9.20932365e-04  5.96398854e-04 -2.82567902e-03 -3.03915128e-04  8.10315776e-04 -2.78995051e-03  1.05131210e-03 -3.00911379e-04 -6.93218228e-04  1.47889589e-03 -9.60851268e-04
 1.27014030e+01 -3.19631911e-02  1.07344368e-03 -1.61441535e-02 -1.13392884e-03 -1.47453643e-04  5.51030704e-04 -4.04252262e-03  5.67102252e-04  1.09424167e-03  7.03107447e-04 -2.95456145e-03 -1.06665243e-04  8.33684483e-04 -2.82668312e-03  1.11860631e-03 -1.90500392e-04 -6.72988773e-04  1.39024078e-03 -7.34899654e-04
 1.27535070e+01 -3.10287911e-02  1.00097822e-03 -1.56686544e-02 -1.07809595e-03 -1.36543609e-05  5.23666636e-04 -4.02661223e-03  5.99769607e-04  1.25009217e-03  8.07015066e-04 -3.06949562e-03  8.52331946e-05  8.46797872e-04 -2.84805025e-03  1.17615392e-03 -7.46597848e-05 -6.61430851e-04  1.29883273e-03 -5.12102375e-04
 1.28056110e+01 -3.01254503e-02  9.29732634e-04 -1.52029321e-02 -1.02670953e-03  1.12756219e-04  4.96453099e-04 -3.99970696e-03  6.25000007e-04  1.38768940e-03  9.07485969e-04 -3.16979973e-03  2.70928202e-04  8.49315273e-04 -2.85428357e-03  1.22372278e-03  4.62144756e-05 -6.58462444e-04  1.20506828e-03 -2.93708666e-04
 1.28577150e+01 -2.92529162e-02  8.59869789e-04 -1.47469527e-02 -9.79590806e-04  2.31463668e-04  4.69688635e-04 -3.96188020e-03  6.42784036e-04  1.50636078e-03  1.00391409e-03 -3.25487485e-03  4.49617765e-04  8.40966503e-04 -2.84569310e-03  1.26114587e-03  1.71720690e-04 -6.63949650e-04  1.10931972e-03 -8.09021547e-05
 1.29098200e+01 -2.84108886e-02  7.91553360e-04 -1.43007185e-02 -9.36552962e-04  3.42164324e-04  4.43644825e-04 -3.91325693e-03  6.53170232e-04  1.60556069e-03  1.09572837e-03 -3.32420923e-03  6.20556916e-04  8.21554684e-04 -2.82266383e-03  1.28832092e-03  3.01453952e-04 -6.77707724e-04  1.01193342e-03  1.25208824e-04
 1.29619240e+01 -2.75990779e-02  7.24952060e-04 -1.38642941e-02 -8.97404949e-04  4.44560458e-04  4.18567737e-04 -3.85401681e-03  6.56264207e-04  1.68486563e-03  1.18238911e-03 -3.37737591e-03  7.83048201e-04  7.90960566e-04 -2.78565438e-03  1.30520744e-03  4.34996040e-04 -6.99500887e-04  9.13237915e-04  3.23580697e-04
 1.30140280e+01 -2.68171028e-02  6.60230854e-04 -1.34377470e-02 -8.61947106e-04  5.38376471e-04  3.94674591e-04 -3.78438767e-03  6.52229157e-04  1.74398738e-03  1.26340151e-03 -3.41404293e-03  9.36464358e-04  7.49142246e-04 -2.73519054e-03  1.31182843e-03  5.71930272e-04 -7.29045264e-04  8.13533519e-04  5.13262926e-04
 1.30661320e+01 -2.60645518e-02  5.97555354e-04 -1.30211744e-02 -8.29975182e-04  6.23353579e-04  3.72155661e-04 -3.70464782e-03  6.41283772e-04  1.78276572e-03  1.33831104e-03 -3.43396952e-03  1.08023755e-03  6.96137678e-04 -2.67186272e-03  1.30826645e-03  7.11831504e-04 -7.66009658e-04  7.13101021e-04  6.93385890e-04
 1.31182360e+01 -2.53409630e-02  5.37089649e-04 -1.26146874e-02 -8.01280136e-04  6.99255233e-04  3.51173851e-04 -3.61512376e-03  6.23700911e-04  1.80117059e-03  1.40670749e-03 -3.43700887e-03  1.21386472e-03  6.32064940e-04 -2.59632106e-03  1.29466233e-03  8.54268480e-04 -8.10017747e-04  6.12201250e-04  8.63168100e-04
 1.31703410e+01 -2.46458089e-02  4.78994408e-04 -1.22183966e-02 -7.75648384e-04  7.65871371e-04  3.31864651e-04 -3.51618656e-03  5.99805037e-04  1.79930094e-03  1.46822788e-03 -3.42310856e-03  1.33691144e-03  5.57120505e-04 -2.50926890e-03  1.27121249e-03  9.98806565e-04 -8.60651441e-04  5.11074812e-04  1.02192167e-03
 1.32224450e+01 -2.39785475e-02  4.23430504e-04 -1.18324357e-02 -7.52864458e-04  8.23016369e-04  3.14338080e-04 -3.40825782e-03  5.69971690e-04  1.77738366e-03  1.52255330e-03 -3.39231240e-03  1.44900366e-03  4.71584303e-04 -2.41146452e-03  1.23816862e-03  1.14499659e-03 -9.17449516e-04  4.09951712e-04  1.16904221e-03
 1.32745490e+01 -2.33385420e-02  3.70551567e-04 -1.14569101e-02 -7.32708852e-04  8.70539408e-04  2.98677171e-04 -3.29179610e-03  5.34621834e-04  1.73577085e-03  1.56941704e-03 -3.34475872e-03  1.54984248e-03  3.75809488e-04 -2.30370577e-03  1.19583237e-03  1.29239161e-03 -9.79916409e-04  3.09041701e-04  1.30402839e-03
 1.33266530e+01 -2.27251145e-02  3.20507739e-04 -1.10919223e-02 -7.14960872e-04  9.08321649e-04  2.84940382e-04 -3.16730212e-03  4.94220290e-04  1.67493641e-03  1.60860044e-03 -3.28068056e-03  1.63919458e-03  2.70225710e-04 -2.18683095e-03  1.14455433e-03  1.44053594e-03 -1.04752169e-03  2.08544142e-04  1.42647007e-03
 1.33787580e+01 -2.21375227e-02  2.73442929e-04 -1.07375524e-02 -6.99398715e-04  9.36280274e-04  2.73162081e-04 -3.03531185e-03  4.49270773e-04  1.59547051e-03  1.63993493e-03 -3.20040286e-03  1.71689567e-03  1.55332553e-04 -2.06170904e-03  1.08472958e-03  1.58897112e-03 -1.11970593e-03  1.08646328e-04  1.53605349e-03
 1.34308620e+01 -2.15750061e-02  2.29497628e-04 -1.03938813e-02 -6.85801540e-04  9.54368517e-04  2.63354666e-04 -2.89640412e-03  4.00315433e-04  1.49808135e-03  1.66329976e-03 -3.10434744e-03  1.78284391e-03  3.17049877e-05 -1.92924359e-03  1.01679942e-03  1.73722487e-03 -1.19587878e-03  9.53332863e-06  1.63255245e-03
 1.34829660e+01 -2.10367210e-02  1.88802749e-04 -1.00609459e-02 -6.73948637e-04  9.62580605e-04  2.55508628e-04 -2.75118256e-03  3.47925359e-04  1.38358069e-03  1.67862524e-03 -2.99302177e-03  1.83700765e-03 -1.00024011e-04 -1.79035230e-03  9.41241401e-04  1.88482873e-03 -1.27543136e-03 -8.86213413e-05  1.71583979e-03
 1.35350700e+01 -2.05217890e-02  1.51482552e-04 -9.73876387e-03 -6.63621659e-04  9.60950875e-04  2.49595053e-04 -2.60028255e-03  2.92699370e-04  1.25288362e-03  1.68588945e-03 -2.86702235e-03  1.87941752e-03 -2.39159485e-04 -1.64597052e-03  8.58570490e-04  2.03130738e-03 -1.35773492e-03 -1.85645907e-04  1.78587698e-03
 1.35871740e+01 -2.00292895e-02  1.17652946e-04 -9.42732448e-03 -6.54605335e-04  9.49555572e-04  2.45567078e-04 -2.44436564e-03  2.35258373e-04  1.10700065e-03  1.68511795e-03 -2.72703041e-03  1.91016603e-03 -3.84951774e-04 -1.49704293e-03  7.69334709e-04  2.17618231e-03 -1.44214657e-03 -2.81370213e-04  1.84271410e-03
 1.36392790e+01 -1.95582549e-02  8.74201763e-05 -9.12658107e-03 -6.46688392e-04  9.28513245e-04  2.43361680e-04 -2.28411308e-03  1.76239207e-04  9.47027385e-04  1.67638226e-03 -2.57380548e-03  1.92940546e-03 -5.36605069e-04 -1.34451460e-03  6.74109838e-04  2.31897556e-03 -1.52801539e-03 -3.75625589e-04  1.88648784e-03
 1.36913830e+01 -1.91077109e-02  6.08822785e-05 -8.83647297e-03 -6.39665229e-04  8.97987143e-04  2.42901723e-04 -2.12023479e-03  1.16294031e-04  7.74149557e-04  1.65979911e-03 -2.40819355e-03  1.93734386e-03 -6.93271632e-04 -1.18933694e-03  5.73503360e-04  2.45919989e-03 -1.61468039e-03 -4.68235854e-04  1.91741517e-03
 1.37434870e+01 -1.86766276e-02  3.81247920e-05 -8.55689034e-03 -6.33336114e-04  8.58183103e-04  2.44097699e-04 -1.95344736e-03  5.60782264e-05  5.89616511e-04  1.63552773e-03 -2.23110510e-03  1.93424433e-03 -8.54075573e-04 -1.03244439e-03  4.68139943e-04  2.59637663e-03 -1.70148505e-03 -5.59026563e-04  1.93579474e-03
 1.37955910e+01 -1.82639613e-02  1.92223308e-05 -8.28769750e-03 -6.27508925e-04  8.09351001e-04  2.46849987e-04 -1.78448262e-03 -3.75044185e-06  3.94744865e-04  1.60376834e-03 -2.04352193e-03  1.92042011e-03 -1.01810785e-03 -8.74760487e-04  3.58665057e-04  2.73002602e-03 -1.78777538e-03 -6.47816317e-04  1.94199925e-03
 1.38476950e+01 -1.78686507e-02  4.23714094e-06 -8.02872769e-03 -6.22000094e-04  7.51784185e-04  2.51050885e-04 -1.61408094e-03 -6.25383222e-05  1.90906856e-04  1.56475992e-03 -1.84648919e-03  1.89623159e-03 -1.18443585e-03 -7.17189680e-04  2.45739575e-04  2.85967168e-03 -1.87290620e-03 -7.34417380e-04  1.93647201e-03
 1.38998000e+01 -1.74896156e-02 -6.78190482e-06 -7.77977934e-03 -6.16635608e-04  6.85817582e-04  2.56586841e-04 -1.44298417e-03 -1.19642307e-04 -2.04827461e-05  1.51877700e-03 -1.64110583e-03  1.86208201e-03 -1.35211351e-03 -5.60609199e-04  1.30033874e-04  2.98484458e-03 -1.95624724e-03 -8.18636292e-04  1.91972178e-03
 1.39519040e+01 -1.71257914e-02 -1.37993649e-05 -7.54063659e-03 -6.11252484e-04  6.11832111e-04  2.63340109e-04 -1.27194502e-03 -1.74430768e-04 -2.37959440e-04  1.46613081e-03 -1.42853460e-03  1.81841654e-03 -1.52017530e-03 -4.05876253e-04  1.22331052e-05  3.10507543e-03 -2.03718126e-03 -9.00266714e-04  1.89231919e-03
 1.40040080e+01 -1.67760915e-02 -1.67953130e-05 -7.31104239e-03 -6.05699194e-04  5.30245985e-04  2.71191476e-04 -1.10170355e-03 -2.26295331e-04 -4.60042691e-04  1.40716152e-03 -1.20997213e-03  1.76571452e-03 -1.68766251e-03 -2.53805462e-04 -1.06979827e-04  3.21991103e-03 -2.11511797e-03 -9.79098649e-04  1.85488955e-03
 1.40561120e+01 -1.64394423e-02 -1.57652063e-05 -7.09072009e-03 -5.99837050e-04  4.41518274e-04  2.80021890e-04 -9.32996567e-04 -2.74651470e-04 -6.85229218e-04  1.34223896e-03 -9.86657928e-04  1.70448801e-03 -1.85361725e-03 -1.05176735e-04 -2.26919086e-04  3.32890659e-03 -2.18949170e-03 -1.05491170e-03  1.80810833e-03
 1.41082160e+01 -1.61147811e-02 -1.07208899e-05 -6.87937104e-03 -5.93541016e-04  3.46146113e-04  2.89714528e-04 -7.66550585e-04 -3.18944451e-04 -9.12006401e-04  1.27175918e-03 -7.59863640e-04  1.63527731e-03 -2.01709240e-03  3.92715682e-05 -3.46901748e-04  3.43163026e-03 -2.25976692e-03 -1.12747674e-03  1.75269521e-03
 1.41603210e+01 -1.58010563e-02 -1.69109247e-06 -6.67667349e-03 -5.86700401e-04  2.44660853e-04  3.00156879e-04 -6.03075078e-04 -3.58654646e-04 -1.13886602e-03  1.19614023e-03 -5.30881473e-04  1.55864559e-03 -2.17716116e-03  1.78848711e-04 -4.66253695e-04  3.52766709e-03 -2.32544313e-03 -1.19655749e-03  1.68940691e-03
 1.42124250e+01 -1.54972563e-02  1.12771588e-05 -6.48230098e-03 -5.79220129e-04  1.37633890e-04  3.11241699e-04 -4.43271392e-04 -3.93298896e-04 -1.36429612e-03  1.11582533e-03 -3.01034427e-04  1.47518099e-03 -2.33291124e-03  3.12904012e-04 -5.84304028e-04  3.61661390e-03 -2.38605325e-03 -1.26190583e-03  1.61903608e-03
 1.42645290e+01 -1.52023780e-02  2.81190115e-05 -6.29590202e-03 -5.71020583e-04  2.56626519e-05  3.22869862e-04 -2.87810438e-04 -4.22439112e-04 -1.58681636e-03  1.03127152e-03 -7.16423139e-05  1.38548404e-03 -2.48346928e-03  4.40845581e-04 -7.00402336e-04  3.69809255e-03 -2.44117424e-03 -1.32327057e-03  1.54239790e-03
 1.43166330e+01 -1.49154564e-02  4.87506937e-05 -6.11711895e-03 -5.62038613e-04 -9.06242286e-05  3.34951069e-04 -1.37341972e-04 -4.45682809e-04 -1.80496946e-03  9.42952677e-04  1.55968413e-04  1.29016970e-03 -2.62799429e-03  5.62131739e-04 -8.13912937e-04  3.77174459e-03 -2.49042469e-03 -1.38039306e-03  1.46032855e-03
 1.43687370e+01 -1.46355627e-02  7.30692771e-05 -5.94558721e-03 -5.52227787e-04 -2.10571531e-04  3.47405386e-04  7.51174815e-06 -4.62687223e-04 -2.01733432e-03  8.51355476e-04  3.80476873e-04  1.18986235e-03 -2.76568603e-03  6.76275566e-04 -9.24220515e-04  3.83723527e-03 -2.53346845e-03 -1.43300983e-03  1.37367786e-03
 1.44208420e+01 -1.43618029e-02  1.00952994e-04 -5.78093539e-03 -5.41558391e-04 -3.33502737e-04  3.60164656e-04  1.46161572e-04 -4.73162363e-04 -2.22253822e-03  7.56975056e-04  6.00579827e-04  1.08519036e-03 -2.89579246e-03  7.82848272e-04 -1.03073535e-03  3.89425660e-03 -2.57001723e-03 -1.48085491e-03  1.28330124e-03
 1.44729460e+01 -1.40933428e-02  1.32258910e-04 -5.62280090e-03 -5.30018334e-04 -4.58713624e-04  3.73172501e-04  2.78043743e-04 -4.76872834e-04 -2.41924930e-03  6.60319830e-04  8.14982775e-04  9.76790863e-04 -3.01760435e-03  8.81472159e-04 -1.13288832e-03  3.94252513e-03 -2.59982950e-03 -1.52365789e-03  1.19006054e-03
 1.45250500e+01 -1.38293793e-02  1.66826164e-04 -5.47081408e-03 -5.17611827e-04 -5.85489686e-04  3.86386581e-04  4.02638479e-04 -4.73641110e-04 -2.60620786e-03  5.61898236e-04  1.02243321e-03  8.65294578e-04 -3.13047442e-03  9.71833487e-04 -1.23014616e-03  3.98179033e-03 -2.62271584e-03 -1.56115126e-03  1.09480746e-03
 1.45771540e+01 -1.35691650e-02  2.04474078e-04 -5.32461390e-03 -5.04359912e-04 -7.13100142e-04  3.99778211e-04  5.19461574e-04 -4.63348216e-04 -2.78221768e-03  4.62223676e-04  1.22171137e-03  7.51330823e-04 -3.23381075e-03  1.05367432e-03 -1.32200598e-03  4.01183186e-03 -2.63853677e-03 -1.59306859e-03  9.98384403e-04
 1.46292590e+01 -1.33120002e-02  2.45003813e-04 -5.18384488e-03 -4.90299556e-04 -8.40806250e-04  4.13333243e-04  6.28071244e-04 -4.45934742e-04 -2.94615981e-03  3.61808640e-04  1.41164575e-03  6.35520543e-04 -3.32708413e-03  1.12679578e-03 -1.40800162e-03  4.03246259e-03 -2.64720399e-03 -1.61914805e-03  9.01615063e-04
 1.46813630e+01 -1.30572546e-02  2.88195723e-04 -5.04817043e-03 -4.75484132e-04 -9.67855152e-04  4.27051206e-04  7.28061827e-04 -4.21402997e-04 -3.09698648e-03  2.61170393e-04  1.59110608e-03  5.18482656e-04 -3.40982369e-03  1.19105201e-03 -1.48769953e-03  4.04352863e-03 -2.64867973e-03 -1.63913272e-03  8.05306141e-04
 1.47334670e+01 -1.28043396e-02  3.33814732e-04 -4.91725903e-03 -4.59981013e-04 -1.09349836e-03  4.40946826e-04  8.19077901e-04 -3.89815213e-04 -3.23374575e-03  1.60817486e-04  1.75903249e-03  4.00818314e-04 -3.48162981e-03  1.24635772e-03 -1.56071102e-03  4.04491302e-03 -2.64297730e-03 -1.65277587e-03  7.10230698e-04
 1.47855710e+01 -1.25527295e-02  3.81608156e-04 -4.79079739e-03 -4.43871686e-04 -1.21698580e-03  4.55048755e-04  9.00807113e-04 -3.51294482e-04 -3.35557380e-03  6.12556686e-05  1.91442758e-03  2.83117577e-04 -3.54216825e-03  1.29268111e-03 -1.62668746e-03  4.03653502e-03 -2.63015949e-03 -1.65984118e-03  6.17130346e-04
 1.48376750e+01 -1.23019573e-02  4.31307522e-04 -4.66848964e-03 -4.27250369e-04 -1.33757216e-03  4.69399390e-04  9.72983393e-04 -3.06023753e-04 -3.46170287e-03 -3.70156935e-05  2.05636678e-03  1.65955199e-04 -3.59117321e-03  1.33004382e-03 -1.68532384e-03  4.01835144e-03 -2.61033755e-03 -1.66010567e-03  5.26708433e-04
 1.48897800e+01 -1.20516107e-02  4.82630816e-04 -4.55005685e-03 -4.10222410e-04 -1.45452306e-03  4.84054525e-04  1.03538882e-03 -2.54243582e-04 -3.55146673e-03 -1.33506993e-04  2.18400674e-03  4.98865900e-05 -3.62844851e-03  1.35851955e-03 -1.73636113e-03  3.99035675e-03 -2.58366905e-03 -1.65336189e-03  4.39623757e-04
 1.49418840e+01 -1.18013514e-02  5.35279934e-04 -4.43524749e-03 -3.92904184e-04 -1.56711021e-03  4.99081402e-04  1.08784952e-03 -1.96254581e-04 -3.62429752e-03 -2.27732425e-04  2.29658159e-03 -6.45449377e-05 -3.65386506e-03  1.37822993e-03 -1.77958385e-03  3.95258583e-03 -2.55035819e-03 -1.63942094e-03  3.56492882e-04
 1.49939880e+01 -1.15508865e-02  5.88948190e-04 -4.32382509e-03 -3.75419581e-04 -1.67462882e-03  5.14559409e-04  1.13024301e-03 -1.32409362e-04 -3.67973889e-03 -3.19222419e-04  2.39342284e-03 -1.76823027e-04 -3.66736485e-03  1.38934547e-03 -1.81482691e-03  3.90511101e-03 -2.51065054e-03 -1.61811402e-03  2.77876155e-04
 1.50460920e+01 -1.12999868e-02  6.43318162e-04 -4.21557832e-03 -3.57899642e-04 -1.77639263e-03  5.30577814e-04  1.16249320e-03 -6.31138766e-05 -3.71744085e-03 -4.07517377e-04  2.47395401e-03 -2.86450646e-04 -3.66895709e-03  1.39208060e-03 -1.84197224e-03  3.84804408e-03 -2.46483245e-03 -1.58929510e-03  2.04280946e-04
 1.50981960e+01 -1.10484819e-02  6.98064552e-04 -4.11031945e-03 -3.40480470e-04 -1.87174017e-03  5.47234742e-04  1.18457131e-03  1.11764235e-05 -3.73716317e-03 -4.92170650e-04  2.53769733e-03 -3.92953490e-04 -3.65871786e-03  1.38669165e-03 -1.86095027e-03  3.78153565e-03 -2.41322798e-03 -1.55284306e-03  1.36156828e-04
 1.51503010e+01 -1.07962538e-02  7.52857275e-04 -4.00788285e-03 -3.23301057e-04 -1.96004027e-03  5.64636098e-04  1.19649535e-03  8.99614345e-05 -3.73877605e-03 -5.72751042e-04  2.58427798e-03 -4.95882944e-04 -3.63678796e-03  1.37347354e-03 -1.87174022e-03  3.70577324e-03 -2.35619477e-03 -1.50866288e-03  7.38917942e-05
 1.52024050e+01 -1.05432556e-02  8.07359393e-04 -3.90813307e-03 -3.06502692e-04 -2.04068938e-03  5.82892681e-04  1.19832864e-03  1.72693910e-04 -3.72226061e-03 -6.48837633e-04  2.61342375e-03 -5.94809136e-04 -3.60337296e-03  1.35275799e-03 -1.87436919e-03  3.62098668e-03 -2.29412548e-03 -1.45669113e-03  1.78147413e-05
 1.52545090e+01 -1.02894804e-02  8.61235678e-04 -3.81095303e-03 -2.90225034e-04 -2.11312546e-03  6.02120551e-04  1.19017998e-03  2.58792524e-04 -3.68770861e-03 -7.20029931e-04  2.62497264e-03 -6.89333577e-04 -3.55873833e-03  1.32490883e-03 -1.86891299e-03  3.52743859e-03 -2.22743794e-03 -1.39689279e-03 -3.18134028e-05
 1.53066130e+01 -1.00349793e-02  9.14150717e-04 -3.71625175e-03 -2.74605472e-04 -2.17682477e-03  6.22438006e-04  1.17220130e-03  3.47640173e-04 -3.63532096e-03 -7.85942408e-04  2.61887045e-03 -7.79081841e-04 -3.50320837e-03  1.29031964e-03 -1.85549432e-03  3.42542906e-03 -2.15657609e-03 -1.32926622e-03 -7.47959645e-05
 1.53587170e+01 -9.77985414e-03  9.65772337e-04 -3.62396189e-03 -2.59776835e-04 -2.23130715e-03  6.43964149e-04  1.14458645e-03  4.38589985e-04 -3.56540627e-03 -8.46206859e-04  2.59517274e-03 -8.63706141e-04 -3.43716306e-03  1.24941033e-03 -1.83428206e-03  3.31529316e-03 -2.08200552e-03 -1.25384389e-03 -1.11002447e-04
 1.54108220e+01 -9.52425096e-03  1.01577495e-03 -3.53403747e-03 -2.45865212e-04 -2.27614020e-03  6.66817539e-04  1.10756871e-03  5.30971884e-04 -3.47837679e-03 -9.00474125e-04  2.55404397e-03 -9.42887267e-04 -3.36103342e-03  1.20262288e-03 -1.80548918e-03  3.19739731e-03 -2.00420843e-03 -1.17069220e-03 -1.40369176e-04
 1.54629260e+01 -9.26837677e-03  1.06383814e-03 -3.44645990e-03 -2.32989121e-04 -2.31093919e-03  6.91112599e-04  1.06142194e-03  6.24090447e-04 -3.37475261e-03 -9.48410781e-04  2.49576049e-03 -1.01632901e-03 -3.27530425e-03  1.15042173e-03 -1.76937358e-03  3.07214705e-03 -1.92368620e-03 -1.07991916e-03 -1.62896793e-04
 1.55150300e+01 -9.01246766e-03  1.10965484e-03 -3.36122665e-03 -2.21256111e-04 -2.33537526e-03  7.16960424e-04  1.00645433e-03  7.17240708e-04 -3.25514828e-03 -9.89706136e-04  2.42070444e-03 -1.08376760e-03 -3.18050191e-03  1.09328503e-03 -1.72623273e-03  2.93997190e-03 -1.84094690e-03 -9.81665885e-04 -1.78652726e-04
 1.55671340e+01 -8.75680567e-03  1.15292978e-03 -3.27835709e-03 -2.10762146e-04 -2.34917458e-03  7.44465269e-04  9.43008918e-04  8.09706363e-04 -3.12027523e-03 -1.02406871e-03  2.32936465e-03 -1.14496579e-03 -3.07719636e-03  1.03170490e-03 -1.67640366e-03  2.80133264e-03 -1.75650774e-03 -8.76113719e-04 -1.87767367e-04
 1.56192380e+01 -8.50171085e-03  1.19338274e-03 -3.19788949e-03 -2.01589752e-04 -2.35212185e-03  7.73723207e-04  8.71460819e-04  9.00766910e-04 -2.97093594e-03 -1.05122811e-03  2.22233333e-03 -1.19971461e-03 -2.96599609e-03  9.66183313e-04 -1.62026001e-03  2.65671733e-03 -1.67089025e-03 -7.63483347e-04 -1.90432748e-04
 1.56713430e+01 -8.24753332e-03  1.23075145e-03 -3.11987809e-03 -1.93806444e-04 -2.34406232e-03  8.04821044e-04  7.92213294e-04  9.89704777e-04 -2.80801579e-03 -1.07093623e-03  2.10030024e-03 -1.24783439e-03 -2.84754192e-03  8.97227552e-04 -1.55820817e-03  2.50663664e-03 -1.58461528e-03 -6.44032940e-04 -1.86899951e-04
 1.57234470e+01 -7.99466945e-03  1.26479081e-03 -3.04439761e-03 -1.87464015e-04 -2.32490468e-03  8.37832261e-04  7.05701680e-04  1.07580400e-03 -2.63249052e-03 -1.08296673e-03  1.96405838e-03 -1.28917126e-03 -2.72251245e-03  8.25352458e-04 -1.49068927e-03  2.35163358e-03 -1.49820638e-03 -5.18067749e-04 -1.77476556e-04
 1.57755510e+01 -7.74352915e-03  1.29527916e-03 -2.97153262e-03 -1.82596543e-04 -2.29462181e-03  8.72819037e-04  6.12381895e-04  1.15836595e-03 -2.44540175e-03 -1.08711834e-03  1.81448524e-03 -1.32360281e-03 -2.59160646e-03  7.51069446e-04 -1.41816903e-03  2.19226435e-03 -1.41217683e-03 -3.85926440e-04 -1.62522796e-04
 1.58276550e+01 -7.49455182e-03  1.32201713e-03 -2.90138186e-03 -1.79220111e-04 -2.25325270e-03  9.09828449e-04  5.12734028e-04  1.23670788e-03 -2.24786314e-03 -1.08321426e-03  1.65254673e-03 -1.35103418e-03 -2.45554796e-03  6.74888790e-04 -1.34113920e-03  2.02910788e-03 -1.32703325e-03 -2.47990062e-04 -1.42447852e-04
 1.58797600e+01 -7.24819306e-03  1.34483035e-03 -2.83405373e-03 -1.77331917e-04 -2.20090232e-03  9.48892465e-04  4.07256477e-04  1.31017134e-03 -2.04104691e-03 -1.07110346e-03  1.47928580e-03 -1.37139943e-03 -2.31507743e-03  5.97314003e-04 -1.26011146e-03  1.86275791e-03 -1.24326951e-03 -1.04676762e-04 -1.17705030e-04
 1.59318640e+01 -7.00493971e-03  1.36356925e-03 -2.76966953e-03 -1.76909918e-04 -2.13774672e-03  9.90023679e-04  2.96471870e-04  1.37812191e-03 -1.82619318e-03 -1.05066302e-03  1.29582963e-03 -1.38466000e-03 -2.17095878e-03  5.18845079e-04 -1.17562031e-03  1.69383399e-03 -1.16137053e-03  4.35475477e-05 -8.87890712e-05
 1.59839680e+01 -6.76527747e-03  1.37811287e-03 -2.70835380e-03 -1.77912354e-04 -2.06402743e-03  1.03321870e-03  1.80912671e-04  1.43996275e-03 -1.60457907e-03 -1.02179815e-03  1.10336294e-03 -1.39080694e-03 -2.02395941e-03  4.39966933e-04 -1.08821014e-03  1.52296050e-03 -1.08180002e-03  1.96186309e-04 -5.62282450e-05
 1.60360720e+01 -6.52970585e-03  1.38836800e-03 -2.65023758e-03 -1.80277908e-04 -1.98005539e-03  1.07845424e-03  6.11270285e-05  1.49513379e-03 -1.37752728e-03 -9.84444445e-04  9.03133893e-04 -1.38985907e-03 -1.87485721e-03  3.61152842e-04 -9.98437774e-04  1.35077765e-03 -1.00500466e-03  3.52702175e-04 -2.05807988e-05
 1.60881760e+01 -6.29872926e-03  1.39427051e-03 -2.59545509e-03 -1.83925876e-04 -1.88620985e-03  1.12568699e-03 -6.23252500e-05  1.54311797e-03 -1.14639470e-03 -9.38569355e-04  6.96443365e-04 -1.38186325e-03 -1.72443427e-03  2.82860591e-04 -9.06867335e-04  1.17793665e-03 -9.31410248e-04  5.12520626e-04  1.75711284e-05
 1.61402810e+01 -6.07284850e-03  1.39578579e-03 -2.54414076e-03 -1.88756726e-04 -1.78293571e-03  1.17485390e-03 -1.88877086e-04  1.58344645e-03 -9.12560397e-04 -8.84172781e-04  4.84632933e-04 -1.36689379e-03 -1.57347051e-03  2.05528756e-04 -8.14064758e-04  1.00509486e-03 -8.61418339e-04  6.75034180e-04  5.76281936e-05
 1.61923850e+01 -5.85257368e-03  1.39290911e-03 -2.49643096e-03 -1.94652411e-04 -1.67075076e-03  1.22586785e-03 -3.17946164e-04  1.61569992e-03 -6.77435946e-04 -8.21293280e-04  2.69093111e-04 -1.34505348e-03 -1.42275184e-03  1.29580496e-04 -7.20601314e-04  8.32927545e-04 -7.95409686e-04  8.39591056e-04  9.89768496e-05
 1.62444890e+01 -5.63839389e-03  1.38566586e-03 -2.45245599e-03 -2.01477860e-04 -1.55023250e-03  1.27862289e-03 -4.48951187e-04  1.63951730e-03 -4.42430695e-04 -7.50003773e-04  5.12305626e-05 -1.31647149e-03 -1.27304951e-03  5.54126437e-05 -6.27039306e-04  6.62106632e-04 -7.33734418e-04  1.00551524e-03  1.41000254e-04
 1.62965930e+01 -5.43079021e-03  1.37411120e-03 -2.41234189e-03 -2.09081795e-04 -1.42202432e-03  1.33299027e-03 -5.81303722e-04  1.65459622e-03 -2.08961944e-04 -6.70417641e-04 -1.67524226e-04 -1.28130410e-03 -1.12512859e-03 -1.66001953e-05 -5.33935649e-04  4.93312731e-04 -6.76715888e-04  1.17209548e-03  1.83081620e-04
 1.63486970e+01 -5.23022695e-03  1.35832977e-03 -2.37620725e-03 -2.17298199e-04 -1.28683167e-03  1.38881930e-03 -7.14411952e-04  1.66069729e-03  2.15572839e-05 -5.82689951e-04 -3.85729589e-04 -1.23973402e-03 -9.79742067e-04 -8.61088780e-05 -4.41836664e-04  3.27230704e-04 -6.24647823e-04  1.33858993e-03  2.24611456e-04
 1.64008020e+01 -5.03714361e-03  1.33843474e-03 -2.34416036e-03 -2.25948091e-04 -1.14541710e-03  1.44593846e-03 -8.47684414e-04  1.65764710e-03  2.47730251e-04 -4.87017830e-04 -6.01945485e-04 -1.19196897e-03 -8.37625308e-04 -1.52792586e-04 -3.51273031e-04  1.64545576e-04 -5.77792129e-04  1.50423102e-03  2.64994854e-04
 1.64529060e+01 -4.85196513e-03  1.31456859e-03 -2.31629926e-03 -2.34840642e-04 -9.98608620e-04  1.50415123e-03 -9.80520769e-04  1.64534137e-03  4.68166841e-04 -3.83650335e-04 -8.14725604e-04 -1.13824499e-03 -6.99504225e-04 -2.16355246e-04 -2.62763532e-04  5.95409525e-06 -5.36381140e-04  1.66821439e-03  3.03654928e-04
 1.65050100e+01 -4.67507530e-03  1.28689992e-03 -2.29270574e-03 -2.43776174e-04 -8.47280570e-04  1.56324300e-03 -1.11232799e-03  1.62374710e-03  6.81517153e-04 -2.72879879e-04 -1.02265093e-03 -1.07882034e-03 -5.66076336e-04 -2.76534581e-04 -1.76801582e-04 -1.47854763e-04 -5.00611077e-04  1.82971991e-03  3.40043970e-04
 1.65571140e+01 -4.50682740e-03  1.25562371e-03 -2.27344539e-03 -2.52547641e-04 -6.92361222e-04  1.62297717e-03 -1.24251079e-03  1.59290469e-03  8.86461367e-04 -1.55051929e-04 -1.22432162e-03 -1.01397853e-03 -4.38019357e-04 -3.33098170e-04 -9.38593755e-05 -2.96187844e-04 -4.70644683e-04  1.98790078e-03  3.73646716e-04
 1.66092180e+01 -4.34753621e-03  1.22095974e-03 -2.25856452e-03 -2.60943111e-04 -5.34826697e-04  1.68309684e-03 -1.37047458e-03  1.55292975e-03  1.08172129e-03 -3.05658087e-05 -1.41836949e-03 -9.44026747e-04 -3.15986196e-04 -3.85845873e-04 -1.43834751e-05 -4.38351468e-04 -4.46609291e-04  2.14188868e-03  4.03987414e-04
 1.66613230e+01 -4.19747101e-03  1.18315040e-03 -2.24808739e-03 -2.68748340e-04 -3.75694216e-04  1.74332675e-03 -1.49562822e-03  1.50401346e-03  1.26607069e-03  1.00125284e-04 -1.60346973e-03 -8.69293749e-04 -2.00600696e-04 -4.34611726e-04  6.12090443e-05 -5.73654330e-04 -4.28595601e-04  2.29079862e-03  4.30636430e-04
 1.67134270e+01 -4.05686290e-03  1.14246216e-03 -2.24201423e-03 -2.75748742e-04 -2.16030424e-04  1.80336945e-03 -1.61737447e-03  1.44642755e-03  1.43832808e-03  2.36501518e-04 -1.77833474e-03 -7.90134946e-04 -9.24644066e-05 -4.79261160e-04  1.32527093e-04 -7.01397507e-04 -4.16658072e-04  2.43371963e-03  4.53214216e-04
 1.67655310e+01 -3.92588357e-03  1.09917951e-03 -2.24031734e-03 -2.81732943e-04 -5.69288790e-05  1.86291325e-03 -1.73512440e-03  1.38051934e-03  1.59738431e-03  3.77988890e-04 -1.94174318e-03 -7.06923028e-04  7.85855034e-06 -5.19697374e-04  1.99216281e-04 -8.20890221e-04 -4.10811998e-04  2.56973410e-03  4.71400114e-04
 1.68176350e+01 -3.80465320e-03  1.05360620e-03 -2.24293900e-03 -2.86494885e-04  1.00482109e-04  1.92162870e-03 -1.84828746e-03  1.30671571e-03  1.74219431e-03  5.23946719e-04 -2.09253290e-03 -6.20052811e-04  9.98341781e-05 -5.55858167e-04  2.60954787e-04 -9.31439363e-04 -4.11034187e-04  2.69790836e-03  4.84935713e-04
 1.68697390e+01 -3.69323381e-03  1.00606277e-03 -2.24978824e-03 -2.89836757e-04  2.55047083e-04  1.97917089e-03 -1.95627350e-03  1.22552219e-03  1.87178647e-03  6.73667540e-04 -2.22961160e-03 -5.29939017e-04  1.82962462e-04 -5.87717437e-04  3.17456370e-04 -1.03235213e-03 -4.17261751e-04  2.81729776e-03  4.93630604e-04
 1.69218440e+01 -3.59162399e-03  9.56883814e-04 -2.26073792e-03 -2.91571814e-04  4.05591014e-04  2.03518186e-03 -2.05849411e-03  1.13752095e-03  1.98527005e-03  8.26377567e-04 -2.35196565e-03 -4.37013593e-04  2.56780151e-04 -6.15286084e-04  3.68472565e-04 -1.12293757e-03 -4.29391595e-04  2.92695095e-03  4.97367325e-04
 1.69739480e+01 -3.49976314e-03  9.06420067e-04 -2.27562042e-03 -2.91527088e-04  5.50912723e-04  2.08928766e-03 -2.15435414e-03  1.04337697e-03  2.08183182e-03  9.81222473e-04 -2.45865725e-03 -3.41732014e-04  3.20856622e-04 -6.38610278e-04  4.13789901e-04 -1.20249961e-03 -4.47278566e-04  3.02590383e-03  4.96105777e-04
 1.70260520e+01 -3.41751665e-03  8.55030974e-04 -2.29422546e-03 -2.89546389e-04  6.89807287e-04  2.14110631e-03 -2.24326267e-03  9.43827007e-04  2.16075375e-03  1.13728266e-03 -2.54884434e-03 -2.44561648e-04  3.74803641e-04 -6.57774807e-04  4.53236571e-04 -1.27034730e-03 -4.70736034e-04  3.11319453e-03  4.89887937e-04
 1.70781560e+01 -3.34468094e-03  8.03086752e-04 -2.31629549e-03 -2.85492907e-04  8.21059542e-04  2.19024503e-03 -2.32462400e-03  8.39684925e-04  2.22140820e-03  1.29355932e-03 -2.62177629e-03 -1.45987912e-04  4.18270670e-04 -6.72900946e-04  4.86678955e-04 -1.32578736e-03 -4.99534246e-04  3.18785705e-03  4.78841416e-04
 1.71302610e+01 -3.28097753e-03  7.50964845e-04 -2.34152253e-03 -2.79251832e-04  9.43454555e-04  2.23630380e-03 -2.39783993e-03  7.31836470e-04  2.26326469e-03  1.44897818e-03 -2.67680226e-03 -4.65096534e-05  4.50947966e-04 -6.84147149e-04  5.14023440e-04 -1.36812632e-03 -5.33400332e-04  3.24892678e-03  4.63182833e-04
 1.71823650e+01 -3.22605520e-03  6.99052393e-04 -2.36954191e-03 -2.70733512e-04  1.05577376e-03  2.27887357e-03 -2.46230298e-03  6.21245832e-04  2.28589037e-03  1.60237559e-03 -2.71337176e-03  5.33541547e-05  4.72565286e-04 -6.91708081e-04  5.35214541e-04 -1.39666722e-03 -5.72014732e-04  3.29543842e-03  4.43222350e-04
 1.72344690e+01 -3.17948026e-03  6.47738793e-04 -2.39993075e-03 -2.59875291e-04  1.15681455e-03  2.31754338e-03 -2.51740358e-03  5.08941169e-04  2.28895787e-03  1.75251453e-03 -2.73104510e-03  1.53076846e-04  4.82896593e-04 -6.95815611e-04  5.50237948e-04 -1.41071406e-03 -6.15014189e-04  3.32643541e-03  4.19364745e-04
 1.72865730e+01 -3.14073940e-03  5.97418406e-04 -2.43220135e-03 -2.46644379e-04  1.24538620e-03  2.35189858e-03 -2.56252281e-03  3.96020587e-04  2.27224410e-03  1.89807101e-03 -2.72949232e-03  2.52117395e-04  4.81758209e-04 -6.96737444e-04  5.59118009e-04 -1.40956791e-03 -6.61988294e-04  3.34096722e-03  3.92113066e-04
 1.73386770e+01 -3.10923639e-03  5.48488403e-04 -2.46579657e-03 -2.31040067e-04  1.32031790e-03  2.38152362e-03 -2.59703234e-03  2.83647655e-04  2.23563335e-03  2.03763542e-03 -2.70849760e-03  3.49923277e-04  4.69010377e-04 -6.94776822e-04  5.61917838e-04 -1.39252739e-03 -7.12479113e-04  3.33809311e-03  3.62070550e-04
 1.73907820e+01 -3.08428977e-03  5.01346879e-04 -2.50008515e-03 -2.13095534e-04  1.38046542e-03  2.40600442e-03 -2.62029320e-03  1.73046682e-04  2.17911761e-03  2.16971361e-03 -2.66796093e-03  4.45933246e-04  4.44557468e-04 -6.90271725e-04  5.58738561e-04 -1.35888748e-03 -7.65981236e-04  3.31688387e-03  3.29941827e-04
 1.74428860e+01 -3.06513291e-03  4.56395614e-04 -2.53435330e-03 -1.92881279e-04  1.42471240e-03  2.42492858e-03 -2.63165252e-03  6.55083949e-05  2.10280239e-03  2.29271570e-03 -2.60790391e-03  5.39570935e-04  4.08350835e-04 -6.83594440e-04  5.49718902e-04 -1.30794195e-03 -8.21936562e-04  3.27642621e-03  2.96536926e-04
 1.74949900e+01 -3.05090954e-03  4.14033994e-04 -2.56780259e-03 -1.70504902e-04  1.45198308e-03  2.43789027e-03 -2.63044447e-03 -3.76257452e-05  2.00690101e-03  2.40497021e-03 -2.52846681e-03  6.30256860e-04  3.60386730e-04 -6.75150069e-04  5.35033918e-04 -1.23897910e-03 -8.79739417e-04  3.21582271e-03  2.62768726e-04
 1.75470940e+01 -3.04067433e-03  3.74662223e-04 -2.59954080e-03 -1.46114091e-04  1.46124307e-03  2.44449032e-03 -2.61598649e-03 -1.34958013e-04  1.89173875e-03  2.50471295e-03 -2.42991282e-03  7.17401907e-04  3.00708662e-04 -6.65375725e-04  5.14894138e-04 -1.15128357e-03 -9.38731401e-04  3.13419554e-03  2.29656254e-04
 1.75991980e+01 -3.03339087e-03  3.38680155e-04 -2.62857564e-03 -1.19897770e-04  1.45150650e-03  2.44433883e-03 -2.58757798e-03 -2.25039669e-04  1.75775191e-03  2.59008887e-03 -2.31262846e-03  8.00410084e-04  2.29407732e-04 -6.54739211e-04  4.89544498e-04 -1.04413548e-03 -9.98201270e-04  3.03068863e-03  1.98324652e-04
 1.76513030e+01 -3.02793027e-03  3.06486678e-04 -2.65380779e-03 -9.20868046e-05  1.42184101e-03  2.43705721e-03 -2.54449742e-03 -3.06375593e-04  1.60548408e-03  2.65915272e-03 -2.17712146e-03  8.78680844e-04  1.46621630e-04 -6.43737399e-04  4.59262598e-04 -9.16807311e-04 -1.05738494e-03  2.90446745e-03  1.70004950e-04
 1.77034070e+01 -3.02307015e-03  2.78482298e-04 -2.67402119e-03 -6.29572141e-05  1.37137628e-03  2.42228098e-03 -2.48600404e-03 -3.77421408e-04  1.43559730e-03  2.70986371e-03 -2.02403192e-03  9.51604008e-04  5.25418891e-05 -6.32895517e-04  4.24359989e-04 -7.68573702e-04 -1.11545980e-03  2.75473166e-03  1.46036215e-04
 1.77555110e+01 -3.01749271e-03  2.55065812e-04 -2.68787756e-03 -3.28277728e-05  1.29930652e-03  2.39966130e-03 -2.41133092e-03 -4.36596110e-04  1.24885313e-03  2.74009337e-03 -1.85411668e-03  1.01856961e-03 -5.25949582e-05 -6.22764132e-04  3.85177547e-04 -5.98696379e-04 -1.17155042e-03  2.58070299e-03  1.27862030e-04
 1.78076150e+01 -3.00978374e-03  2.36637480e-04 -2.69390542e-03 -2.06270154e-06  1.20489828e-03  2.36886756e-03 -2.31968592e-03 -4.82278831e-04  1.04612233e-03  2.74761985e-03 -1.66825918e-03  1.07896259e-03 -1.68500553e-04 -6.13918107e-04  3.42086603e-04 -4.06433110e-04 -1.22472280e-03  2.38163705e-03  1.17032325e-04
 1.78597190e+01 -2.99843103e-03  2.23599208e-04 -2.69049114e-03  2.89285155e-05  1.08749604e-03  2.32958969e-03 -2.21024901e-03 -5.12813669e-04  8.28380012e-04  2.73012958e-03 -1.46746655e-03  1.13216510e-03 -2.94835481e-04 -6.06954316e-04  2.95487369e-04 -1.91035031e-04 -1.27398442e-03  2.15682358e-03  1.15202163e-04
 1.79118240e+01 -2.98182240e-03  2.16355521e-04 -2.67586840e-03  5.96916313e-05  9.46525384e-04  2.28153952e-03 -2.08216750e-03 -5.26512904e-04  5.96698719e-04  2.68521648e-03 -1.25286467e-03  1.17755804e-03 -4.31211269e-04 -6.02489339e-04  2.45806994e-04  4.82586285e-05 -1.31828385e-03  1.90558395e-03  1.24131233e-04
 1.79639280e+01 -2.95824523e-03  2.15315290e-04 -2.64810874e-03  8.97254523e-05  7.81510328e-04  2.22445701e-03 -1.93456403e-03 -5.21659316e-04  3.52263758e-04  2.61038633e-03 -1.02571406e-03  1.21451848e-03 -5.77178986e-04 -6.01157324e-04  1.93502600e-04  3.12202196e-04 -1.35650640e-03  1.62729348e-03  1.45682012e-04
 1.80160320e+01 -2.92588270e-03  2.20892370e-04 -2.60510845e-03  1.18485838e-04  5.92063389e-04  2.15810716e-03 -1.76651971e-03 -4.96510769e-04  9.63434971e-05  2.50305235e-03 -7.87384155e-04  1.24242554e-03 -7.32244212e-04 -6.03606835e-04  1.39054834e-04  6.01571596e-04 -1.38747808e-03  1.32135515e-03  1.81819665e-04
 1.80681360e+01 -2.88281264e-03  2.33507982e-04 -2.54457729e-03  1.45384043e-04  3.77902272e-04  2.08228604e-03 -1.57708128e-03 -4.49301643e-04 -1.69696354e-04  2.36053873e-03 -5.39368422e-04  1.26065751e-03 -8.95855974e-04 -6.10498438e-04  8.29711034e-05  9.17147017e-04 -1.40996111e-03  9.87220957e-04  2.34610442e-04
 1.81202400e+01 -2.82700474e-03  2.53592425e-04 -2.46402532e-03  1.69788316e-04  1.38853880e-04  1.99682250e-03 -1.36525649e-03 -3.78245972e-04 -4.44400579e-04  2.18008099e-03 -2.83279222e-04  1.26859339e-03 -1.06740848e-03 -6.22501576e-04  2.57843008e-05  1.25971788e-03 -1.42265374e-03  6.24389986e-04  3.06220493e-04
 1.81723450e+01 -2.75631621e-03  2.81587798e-04 -2.36074688e-03  1.91025567e-04 -1.25144336e-04  1.90157881e-03 -1.13000696e-03 -2.81537898e-04 -7.26233658e-04  1.95882226e-03 -2.08415494e-05  1.26561347e-03 -1.24624382e-03 -6.40291744e-04 -3.19484224e-05  1.63009092e-03 -1.42418923e-03  2.32403310e-04  3.98916570e-04
 1.82244490e+01 -2.66849420e-03  3.17948005e-04 -2.23181429e-03  2.08381401e-04 -4.14016777e-04  1.79646084e-03 -8.70264116e-04 -1.57361966e-04 -1.01356193e-03  1.69383216e-03  2.46087853e-04  1.25110035e-03 -1.43163721e-03 -6.64545584e-04 -8.96410872e-05  2.02906199e-03 -1.41313500e-03 -1.89122659e-04  5.15057208e-04
 1.82765530e+01 -2.56116399e-03  3.63144460e-04 -2.07405048e-03  2.21104490e-04 -7.27573030e-04  1.68140981e-03 -5.84899581e-04 -3.88425814e-06 -1.30469023e-03  1.38208259e-03  5.15551866e-04  1.22443929e-03 -1.62281679e-03 -6.95939264e-04 -1.46685152e-04  2.45745955e-03 -1.38799196e-03 -6.40538535e-04  6.57102009e-04
 1.83286570e+01 -2.43182997e-03  4.17666774e-04 -1.88401973e-03  2.28407111e-04 -1.06548073e-03  1.55641221e-03 -2.72739944e-04  1.80738707e-04 -1.59784461e-03  1.02046522e-03  7.85473926e-04  1.18501892e-03 -1.81894910e-03 -7.35143367e-04 -2.02444384e-04  2.91611779e-03 -1.34719339e-03 -1.12212963e-03  8.27603697e-04
 1.83807620e+01 -2.27786643e-03  4.82027400e-04 -1.65800366e-03  2.29468118e-04 -1.42726995e-03  1.42149828e-03  6.74472179e-05  3.98364282e-04 -1.89118771e-03  6.05780491e-04  1.05366898e-03  1.13223076e-03 -2.01914543e-03 -7.82820080e-04 -2.56255952e-04  3.40589428e-03 -1.28910297e-03 -1.63413047e-03  1.02921263e-03
 1.84328660e+01 -2.09652457e-03  5.56759521e-04 -1.39200043e-03  2.23435904e-04 -1.81229693e-03  1.27675551e-03  4.36929779e-04  6.50844786e-04 -2.18280078e-03  1.34771963e-04  1.31782361e-03  1.06547426e-03 -2.22244540e-03 -8.39615033e-04 -3.07424978e-04  3.92763305e-03 -1.21201896e-03 -2.17668199e-03  1.26465956e-03
 1.84849700e+01 -1.88490887e-03  6.42427637e-04 -1.08167886e-03  2.09431848e-04 -2.21977743e-03  1.12231623e-03  8.37053484e-04  9.40051174e-04 -2.47072210e-03 -3.95919779e-04  1.57552740e-03  9.84151457e-04 -2.42783909e-03 -9.06158211e-04 -3.55229022e-04  4.48222239e-03 -1.11416691e-03 -2.74988751e-03  1.53677772e-03
 1.85370740e+01 -1.63998175e-03  7.39626155e-04 -7.22373731e-04  1.86553771e-04 -2.64875060e-03  9.58370945e-04  1.26921991e-03  1.26785593e-03 -2.75292909e-03 -9.89724757e-04  1.82425250e-03  8.87671475e-04 -2.63425070e-03 -9.83055651e-04 -3.98911793e-04  5.07055953e-03 -9.93703237e-04 -3.35377099e-03  1.84848701e-03
 1.85891780e+01 -1.35855345e-03  8.48984023e-04 -3.09059171e-04  1.53880111e-04 -3.09807633e-03  7.85169225e-04  1.73489649e-03  1.63613609e-03 -3.02734867e-03 -1.65014932e-03  2.06135864e-03  7.75450490e-04 -2.84054137e-03 -1.07088521e-03 -4.37681689e-04  5.69356147e-03 -8.48713844e-04 -3.98828347e-03  2.20279675e-03
 1.86412830e+01 -1.03726729e-03  9.71170837e-04  1.63685135e-04  1.10473491e-04 -3.56643464e-03  6.03019591e-04  2.23563055e-03  2.04678101e-03 -3.29186696e-03 -2.38078910e-03  2.28409680e-03  6.46909926e-04 -3.04551196e-03 -1.17019329e-03 -4.70709438e-04  6.35218012e-03 -6.77210184e-04 -4.65331288e-03  2.60281317e-03
 1.86933870e+01 -6.72615963e-04  1.10689098e-03  7.01662246e-04  5.53892113e-05 -4.05227880e-03  4.12307359e-04  2.77301456e-03  2.50165979e-03 -3.54431390e-03 -3.18526971e-03  2.48959150e-03  5.01487553e-04 -3.24788630e-03 -1.28148139e-03 -4.97122296e-04  7.04735324e-03 -4.77142650e-04 -5.34862916e-03  3.05170733e-03
 1.87454910e+01 -2.60894770e-04  1.25690161e-03  1.31113963e-03 -1.23242781e-05 -4.55387817e-03  2.13477510e-04  3.34874856e-03  3.00266854e-03 -3.78249852e-03 -4.06732886e-03  2.67486527e-03  3.38623692e-04 -3.44633361e-03 -1.40521170e-03 -5.16004059e-04  7.78008290e-03 -2.46380699e-04 -6.07395742e-03  3.55276079e-03
 1.87975950e+01  2.01785566e-04  1.42200754e-03  1.99884333e-03 -9.36163350e-05 -5.06927067e-03  7.05259026e-06  3.96460758e-03  3.55170004e-03 -4.00419308e-03 -5.03075971e-03  2.83681946e-03  1.57771825e-04 -3.63945157e-03 -1.54179363e-03 -5.26388108e-04  8.55138841e-03  1.72746445e-05 -6.82892395e-03  4.10933581e-03
 1.88496990e+01  7.19516620e-04  1.60306765e-03  2.77199765e-03 -1.89428372e-04 -5.59625878e-03 -2.06366388e-04  4.62245653e-03  4.15065195e-03 -4.20714289e-03 -6.07942212e-03  2.97223635e-03 -4.16025476e-05 -3.82576902e-03 -1.69157920e-03 -5.27253341e-04  9.36232177e-03  3.16093833e-04 -7.61306510e-03  4.72488268e-03
