# R_Bohr c0_mEh c1_mEh c2_mEh c3_mEh c4_mEh c5_mEh c6_mEh c7_mEh c8_mEh c9_mEh c10_mEh c11_mEh c12_mEh c13_mEh c14_mEh c15_mEh c16_mEh c17_mEh c18_mEh
 4.72945900e+00  5.97460399e+01  4.04301322e+00  1.04509972e+02  1.31919805e+01  5.11727601e+01  1.33122522e+01  1.89620392e+01  7.71743530e+00  8.11152944e+00  4.02468591e+00  4.10235547e+00  1.78340396e+00  1.96589684e+00  8.34576980e-01  7.90279212e-01  7.35781440e-01  6.32686745e-02  4.58495422e-01 -1.54400685e-01
 4.78156300e+00  5.47385371e+01  3.00974064e+00  9.66026609e+01  1.17213705e+01  4.71425916e+01  1.21106733e+01  1.73624478e+01  6.89257830e+00  7.30086623e+00  3.43041807e+00  3.54200093e+00  1.52259209e+00  1.65842510e+00  7.22738449e-01  6.43765377e-01  7.00034696e-01  3.61613353e-02  4.42581365e-01 -8.41865482e-02
 4.83366700e+00  5.00084352e+01  2.00281409e+00  8.89869867e+01  1.02294034e+01  4.32363378e+01  1.08842745e+01  1.57555766e+01  6.09314201e+00  6.49161191e+00  2.91507385e+00  3.01641603e+00  1.30440864e+00  1.37008336e+00  6.02007749e-01  5.22791419e-01  6.29296582e-01  1.11062167e-02  4.32932065e-01 -5.76496356e-02
 4.88577200e+00  4.55988889e+01  1.05526796e+00  8.17515698e+01  8.76364949e+00  3.95022154e+01  9.67126914e+00  1.41875351e+01  5.33760359e+00  5.70803465e+00  2.47811761e+00  2.54280852e+00  1.11820128e+00  1.11729537e+00  4.85150471e-01  4.25774224e-01  5.33150166e-01 -1.24941903e-02  4.21378255e-01 -6.39291203e-02
 4.93787600e+00  4.15234910e+01  1.95710436e-01  7.49563134e+01  7.37351076e+00  3.59825064e+01  8.51240488e+00  1.27000479e+01  4.64156803e+00  4.97459901e+00  2.11179672e+00  2.13139226e+00  9.53966288e-01  9.07555340e-01  3.81228210e-01  3.48467909e-01  4.26879141e-01 -3.41861254e-02  4.03682630e-01 -8.85339964e-02
 4.98998000e+00  3.77731861e+01 -5.56022847e-01  6.86302488e+01  6.09975020e+00  3.27075603e+01  7.44168783e+00  1.13232417e+01  4.01521001e+00  4.31026702e+00  1.80444656e+00  1.78406245e+00  8.05936697e-01  7.38924543e-01  2.93921924e-01  2.86130033e-01  3.25763705e-01 -5.29344093e-02  3.80500184e-01 -1.17344434e-01
 5.04208400e+00  3.43281779e+01 -1.19040244e+00  6.27778036e+01  4.96786928e+00  2.96936036e+01  6.48049801e+00  1.00737599e+01  3.46251539e+00  3.72540164e+00  1.54395887e+00  1.49610814e+00  6.73118653e-01  6.03699149e-01  2.22638909e-01  2.34640002e-01  2.40651565e-01 -6.77352595e-02  3.55471338e-01 -1.40120491e-01
 5.09418800e+00  3.11669846e+01 -1.70752601e+00  5.73871818e+01  3.98701123e+00  2.69435309e+01  5.63659164e+00  8.95678365e+00  2.98208515e+00  3.22155100e+00  1.32023774e+00  1.25921066e+00  5.57056296e-01  4.93216123e-01  1.65020080e-01  1.90879405e-01  1.76420787e-01 -7.78993759e-02  3.32176083e-01 -1.51970577e-01
 5.14629300e+00  2.82702815e+01 -2.11503518e+00  5.24372596e+01  3.15306275e+00  2.44495570e+01  4.90681939e+00  7.96927163e+00  2.56881648e+00  2.79338430e+00  1.12621411e+00  1.06414739e+00  4.59091515e-01  4.00964456e-01  1.18963849e-01  1.52896257e-01  1.32822198e-01 -8.30939728e-02  3.12193574e-01 -1.52637132e-01
 5.19839700e+00  2.56207166e+01 -2.42543330e+00  4.79014688e+01  2.45321123e+00  2.21962339e+01  4.28110611e+00  7.10260485e+00  2.21563560e+00  2.43155395e+00  9.57532929e-01  9.02483623e-01  3.78924824e-01  3.23204415e-01  8.32082246e-02  1.19835151e-01  1.06377499e-01 -8.33864566e-02  2.95036131e-01 -1.44592281e-01
 5.25050100e+00  2.32006938e+01 -2.65349878e+00  4.37485556e+01  1.86993226e+00  2.01626469e+01  3.74581810e+00  6.34429097e+00  1.91473289e+00  2.12528579e+00  8.11496020e-01  7.67256997e-01  3.14665488e-01  2.58024635e-01  5.68350158e-02  9.15484211e-02  9.22699484e-02 -7.93120470e-02  2.79201448e-01 -1.31141961e-01
 5.30260500e+00  2.09915797e+01 -2.81405133e+00  3.99444395e+01  1.38425489e+00  1.83250966e+01  3.28636509e+00  5.67974635e+00  1.65843560e+00  1.86427486e+00  6.86068804e-01  6.53081711e-01  2.63628778e-01  2.04187321e-01  3.86370808e-02  6.80995621e-02  8.57397213e-02 -7.18432004e-02  2.63260994e-01 -1.15222885e-01
 5.35470900e+00  1.89741659e+01 -2.92044904e+00  3.64546904e+01  9.78111054e-01  1.66596630e+01  2.88895581e+00  5.09409926e+00  1.43971720e+00  1.63967187e+00  5.79291599e-01  5.55937478e-01  2.23086217e-01  1.60450322e-01  2.69104273e-02  4.94108446e-02  8.28759180e-02 -6.22147120e-02  2.46411042e-01 -9.89501072e-02
 5.40681400e+00  1.71300311e+01 -2.98382559e+00  3.32474438e+01  6.35900462e-01  1.51445028e+01  2.54172814e+00  4.57382530e+00  1.25247831e+00  1.44440693e+00  4.89117475e-01  4.72866464e-01  1.90672894e-01  1.25418183e-01  1.96844262e-02  3.51526805e-02  8.09180529e-02 -5.16728268e-02  2.28500147e-01 -8.36360151e-02
 5.45891800e+00  1.54429597e+01 -3.01295084e+00  3.02957974e+01  3.45277248e-01  1.37614533e+01  2.23532081e+00  4.10785383e+00  1.09165200e+00  1.27312352e+00  4.13488288e-01  4.01684670e-01  1.64497757e-01  9.76641366e-02  1.51132352e-02  2.48016140e-02  7.82284701e-02 -4.12544468e-02  2.09795138e-01 -6.99839577e-02
 5.51102200e+00  1.38992924e+01 -3.01451514e+00  2.75780913e+01  9.71322963e-02  1.24962701e+01  1.96284491e+00  3.68783385e+00  9.53118940e-01  1.12187541e+00  3.50438616e-01  3.40726582e-01  1.43098776e-01  7.58756441e-02  1.17766722e-02  1.77454445e-02  7.40836301e-02 -3.16608822e-02  1.90715328e-01 -5.82788813e-02
 5.56312600e+00  1.24878564e+01 -2.99359021e+00  2.50774054e+01 -1.14898222e-01  1.13382402e+01  1.71952312e+00  3.30787566e+00  8.33561074e-01  9.87796570e-01  2.98169577e-01  2.88666416e-01  1.25367642e-01  5.89322390e-02  8.79275556e-03  1.33660935e-02  6.83990068e-02 -2.32427478e-02  1.71657543e-01 -4.85288855e-02
 5.61523000e+00  1.11992367e+01 -2.95411144e+00  2.27799535e+01 -2.95222211e-01  1.02791388e+01  1.50209043e+00  2.96389166e+00  7.30264690e-01  8.68767896e-01  2.55055678e-01  2.44388991e-01  1.10480322e-01  4.59045934e-02  5.76392417e-03  1.10780985e-02  6.14645440e-02 -1.60660390e-02  1.52923277e-01 -4.05626446e-02
 5.66733500e+00  1.00249664e+01 -2.89926770e+00  2.06734247e+01 -4.47079904e-01  9.31212682e+00  1.30818686e+00  2.65287761e+00  6.40946923e-01  7.63146232e-01  2.19623787e-01  2.06910610e-01  9.78413484e-02  3.60178409e-02  2.63489079e-03  1.03394457e-02  5.37338561e-02 -1.00177378e-02  1.34717700e-01 -3.41052247e-02
 5.71943900e+00  8.95701418e+00 -2.83177034e+00  1.87459412e+01 -5.73147555e-01  8.43097801e+00  1.13589069e+00  2.37235694e+00  5.63639085e-01  6.69579581e-01  1.90536716e-01  1.75340303e-01  8.70344216e-02  2.86141344e-02 -4.64087816e-04  1.06549997e-02  4.56825051e-02 -4.91166351e-03  1.17182033e-01 -2.88431376e-02
 5.77154300e+00  7.98734915e+00 -2.75399625e+00  1.69852271e+01 -6.75932456e-01  7.62948261e+00  9.83394005e-01  2.11998323e+00  4.96604539e-01  5.86874893e-01  1.66586406e-01  1.48858532e-01  7.77713616e-02  2.31276895e-02 -3.34418274e-03  1.15840030e-02  3.77274863e-02 -5.66858521e-04  1.00425161e-01 -2.44762590e-02
 5.82364700e+00  7.10800373e+00 -2.66806112e+00  1.53787245e+01 -7.57922008e-01  6.90137287e+00  8.48883966e-01  1.89340945e+00  4.38312668e-01  5.13943205e-01  1.46708394e-01  1.26716768e-01  6.98463676e-02  1.90765179e-02 -5.83801374e-03  1.27527402e-02  3.01950430e-02  3.14885165e-03  8.45476557e-02 -2.07545530e-02
 5.87575200e+00  6.31117340e+00 -2.57584304e+00  1.39138114e+01 -8.21599683e-01  6.24036505e+00  7.30522907e-01  1.69026793e+00  3.87424740e-01  4.49770603e-01  1.29996407e-01  1.08238599e-01  6.30968311e-02  1.60613121e-02 -7.83716595e-03  1.38670677e-02  2.33165272e-02  6.30852552e-03  6.96500279e-02 -1.74953024e-02
 5.92785600e+00  5.58946784e+00 -2.47900060e+00  1.25783171e+01 -8.69377119e-01  5.64038247e+00  6.26506657e-01  1.50824866e+00  3.42793436e-01  3.93417298e-01  1.15712759e-01  9.28239926e-02  5.73768608e-02  1.37660311e-02 -9.29882556e-03  1.47192945e-02  1.72391225e-02  8.93733687e-03  5.58320353e-02 -1.45839068e-02
 5.97996000e+00  4.93598258e+00 -2.37897267e+00  1.13607160e+01 -9.03520988e-01  5.09565732e+00  5.35117691e-01  1.34515506e+00  3.03450786e-01  3.44012168e-01  1.03283466e-01  7.99484013e-02  5.25421689e-02  1.19546806e-02 -1.02354710e-02  1.51868372e-02  1.20396136e-02  1.10343551e-02  4.31831578e-02 -1.19622771e-02
 6.03206400e+00  4.34445604e+00 -2.27700033e+00  1.02504777e+01 -9.26084452e-01  4.60090988e+00  4.54789739e-01  1.19898097e+00  2.68599982e-01  3.00760168e-01  9.22841749e-02  6.91629000e-02  4.84468692e-02  1.04638812e-02 -1.06975046e-02  1.52224706e-02  7.73892690e-03  1.25939721e-02  3.17742336e-02 -9.61211193e-03
 6.08416800e+00  3.80927376e+00 -2.17414407e+00  9.23812907e+00 -9.38875178e-01  4.15139488e+00  3.84137031e-01  1.06793690e+00  2.37595951e-01  2.62940831e-01  8.24155238e-02  6.00899650e-02  4.49466446e-02  9.19095876e-03 -1.07562873e-02  1.48389400e-02  4.31385816e-03  1.36220817e-02  2.16489913e-02 -7.53727689e-03
 6.13627300e+00  3.32542136e+00 -2.07130203e+00  8.31520965e+00 -9.43451012e-01  3.74289290e+00  3.21960639e-01  9.50448984e-01  2.09922167e-01  2.29904713e-01  7.34747347e-02  5.24174432e-02  4.19053032e-02  8.07969007e-03 -1.04907279e-02  1.40909938e-02  1.70698834e-03  1.41445127e-02  1.28188731e-02 -5.74903390e-03
 6.18837700e+00  2.88844761e+00 -1.96923729e+00  7.47423551e+00 -9.41136762e-01  3.37169725e+00  2.67241910e-01  8.45148336e-01  1.85168354e-01  2.01071021e-01  6.53286468e-02  4.58917642e-02  3.92018707e-02  7.10581747e-03 -9.97842831e-03  1.30579135e-02 -1.64332381e-04  1.42082934e-02  5.26248012e-03 -4.25579973e-03
 6.24048100e+00  2.49432344e+00 -1.86858316e+00  6.70845291e+00 -9.33053668e-01  3.03450128e+00  2.19113032e-01  7.50827763e-01  1.63003766e-01  1.75918327e-01  5.78888877e-02  4.03089094e-02  3.67353974e-02  6.26377468e-03 -9.29075202e-03  1.18284066e-02 -1.40006178e-03  1.38778626e-02 -1.07305711e-03 -3.05705967e-03
 6.29258500e+00  2.13939903e+00 -1.76986576e+00  6.01176850e+00 -9.20151929e-01  2.72835947e+00  1.76835396e-01  6.66419422e-01  1.43158502e-01  1.53981882e-01  5.10942175e-02  3.55066888e-02  3.44277538e-02  5.55620435e-03 -8.49077934e-03  1.04892505e-02 -2.10944881e-03  1.32284194e-02 -6.26621420e-03 -2.14139469e-03
 6.34468900e+00  1.82032705e+00 -1.67351458e+00  5.37860754e+00 -9.03242372e-01  2.45061445e+00  1.39772538e-01  5.90964598e-01  1.25405838e-01  1.34848248e-01  4.48976713e-02  3.13566204e-02  3.22235023e-02  4.98643176e-03 -7.63290722e-03  9.11769590e-03 -2.40389978e-03  1.23386889e-02 -1.04144265e-02 -1.48700828e-03
 6.39679400e+00  1.53400821e+00 -1.57987169e+00  4.80380880e+00 -8.83023053e-01  2.19883977e+00  1.07367496e-01  5.23591015e-01  1.09548902e-01  1.18150974e-01  3.92587474e-02  2.77566992e-02  3.00876964e-02  4.55394440e-03 -6.76318228e-03  7.77727011e-03 -2.39075608e-03  1.12844916e-02 -1.36267852e-02 -1.06387637e-03
 6.44889800e+00  1.27757970e+00 -1.48920877e+00  4.28260221e+00 -8.60102342e-01  1.97081964e+00  7.91280105e-02  4.63503114e-01  9.54126635e-02  1.03568286e-01  3.41398988e-02  2.46255564e-02  2.80025580e-02  4.25243733e-03 -5.91989654e-03  6.51638690e-03 -2.16839181e-03  1.01340661e-02 -1.60168815e-02 -8.36623328e-04
 6.50100200e+00  1.04836261e+00 -1.40172560e+00  3.81050229e+00 -8.35012756e-01  1.76449319e+00  5.46104218e-02  4.09965259e-01  8.28361542e-02  9.08178738e-02  2.95044549e-02  2.18971081e-02  2.59631923e-02  4.06965489e-03 -5.13393057e-03  5.36855771e-03 -1.82280186e-03  8.94506834e-03 -1.76973403e-02 -7.67373881e-04
 6.55310600e+00  8.43873502e-01 -1.31756613e+00  3.38333078e+00 -8.08224243e-01  1.57795690e+00  3.34138772e-02  3.62302037e-01  7.16702478e-02  7.96549334e-02  2.53170198e-02  1.95170363e-02  2.39737775e-02  3.98851653e-03 -4.42912809e-03  4.35398542e-03 -1.42569566e-03  7.76349479e-03 -1.87751663e-02 -8.18349030e-04
 6.60521000e+00  6.61812455e-01 -1.23682485e+00  2.99719351e+00 -7.80152293e-01  1.40944868e+00  1.51742887e-02  3.19894261e-01  6.17756070e-02  6.98684651e-02  2.15438716e-02  1.74399128e-02  2.20440209e-02  3.98880164e-03 -3.82250870e-03  3.48157649e-03 -1.03393263e-03  6.62385074e-03 -1.93489189e-02 -9.53886621e-04
 6.65731500e+00  5.00055617e-01 -1.15955308e+00  2.64846768e+00 -7.51163568e-01  1.25733784e+00 -4.39359715e-04  2.82176694e-01  5.30218830e-02  6.12776446e-02  1.81534513e-02  1.56271763e-02  2.01862925e-02  4.04899561e-03 -3.32450794e-03  2.75112581e-03 -6.90008831e-04  5.55021400e-03 -1.95071672e-02 -1.14189983e-03
 6.70941900e+00  3.56662294e-01 -1.08577169e+00  2.33382231e+00 -7.21582849e-01  1.12013084e+00 -1.37261683e-02  2.48639353e-01  4.52883031e-02  5.37289205e-02  1.51169406e-02  1.40458817e-02  1.84136454e-02  4.14797366e-03 -2.93936753e-03  2.15549543e-03 -4.23313326e-04  4.55788167e-03 -1.93280214e-02 -1.35477930e-03
 6.76152300e+00  2.29849949e-01 -1.01546839e+00  2.05017103e+00 -6.91693490e-01  9.96448442e-01 -2.49569147e-02  2.18821245e-01  3.84628273e-02  4.70915174e-02  1.24079016e-02  1.26675246e-02  1.67381210e-02  4.26637199e-03 -2.66559188e-03  1.68246987e-03 -2.51750322e-04  3.65496464e-03 -1.88794533e-02 -1.56987847e-03
 6.81362700e+00  1.17998705e-01 -9.48608952e-01  1.79468966e+00 -6.61742897e-01  8.85031672e-01 -3.43745028e-02  1.92310766e-01  3.24429963e-02  4.12547286e-02  1.00023135e-02  1.14674773e-02  1.51699394e-02  4.38755240e-03 -2.49667926e-03  1.31652582e-03 -1.83606201e-04  2.84411746e-03 -1.82200595e-02 -1.76960293e-03
 6.86573100e+00  1.96381607e-02 -8.85140107e-01  1.56479629e+00 -6.31944914e-01  7.84732111e-01 -4.21960655e-02  1.68741745e-01  2.71357853e-02  3.61245720e-02  7.87810645e-03  1.04243925e-02  1.37169088e-02  4.49817767e-03 -2.42196256e-03  1.04029512e-03 -2.19371917e-04  2.12396074e-03 -1.74000821e-02 -1.94124806e-03
 6.91783600e+00 -6.65652121e-02 -8.24992068e-01  1.35813252e+00 -6.02481983e-01  6.94502841e-01 -4.86150107e-02  1.47789386e-01  2.24573743e-02  3.16208306e-02  6.01466070e-03  9.51970528e-03  1.23841347e-02  4.58843650e-03 -2.42758244e-03  8.35815398e-04 -3.53450782e-04  1.49026007e-03 -1.64624601e-02 -2.07664335e-03
 6.96994000e+00 -1.41813357e-01 -7.68086041e-01  1.17256216e+00 -5.73509953e-01  6.13397345e-01 -5.38026273e-02  1.29167876e-01  1.83331745e-02  2.76748393e-02  4.39249182e-03  8.73725693e-03  1.11740567e-02  4.65197257e-03 -2.49752409e-03  6.85582520e-04 -5.75668478e-04  9.36912228e-04 -1.54439149e-02 -2.17165376e-03
 7.02204400e+00 -2.07198259e-01 -7.14329727e-01  1.00613024e+00 -5.45157114e-01  5.40551152e-01 -5.79109667e-02  1.12623939e-01  1.46968163e-02  2.42267760e-02  2.99265650e-03  8.06277667e-03  1.00863740e-02  4.68561195e-03 -2.61466354e-03  5.73354776e-04 -8.72615138e-04  4.56594217e-04 -1.43757340e-02 -2.22562238e-03
 7.07414800e+00 -2.63706461e-01 -6.63623992e-01  8.57062087e-01 -5.17528762e-01  4.75181096e-01 -6.10744688e-02  9.79345319e-02  1.14899297e-02  2.12241803e-02  1.79662486e-03  7.48357076e-03  9.11833243e-03  4.68892127e-03 -2.76176126e-03  4.84788235e-04 -1.22877922e-03  4.13639389e-05 -1.32845927e-02 -2.24073827e-03
 7.12625300e+00 -3.12232319e-01 -6.15862472e-01  7.23740286e-01 -4.90708327e-01  4.16574972e-01 -6.34121960e-02  8.49024518e-02  8.66133210e-03  1.86203173e-02  7.86064455e-04  6.98815656e-03  8.26494257e-03  4.66368438e-03 -2.92235302e-03  4.07844549e-04 -1.62753906e-03 -3.16934376e-04 -1.21931302e-02 -2.22139902e-03
 7.17835700e+00 -3.53584125e-01 -5.70936643e-01  6.04699346e-01 -4.64761519e-01  3.64088988e-01 -6.50295880e-02  7.33538742e-02  6.16653464e-03  1.63731889e-02 -5.71364558e-05  6.56601769e-03  7.51936346e-03  4.61334246e-03 -3.08148019e-03  3.33014212e-04 -2.05197682e-03 -6.26307863e-04 -1.11205261e-02 -2.17357887e-03
 7.23046100e+00 -3.88498332e-01 -5.28731635e-01  4.98596488e-01 -4.39735271e-01  3.17134774e-01 -6.60204596e-02  6.31337921e-02  3.96670895e-03  1.44443370e-02 -7.50942253e-04  6.20733322e-03  6.87316947e-03  4.54243442e-03 -3.22627820e-03  2.53345484e-04 -2.48565207e-03 -8.94383979e-04 -1.00827695e-02 -2.10421991e-03
 7.28256500e+00 -4.17643319e-01 -4.89131154e-01  4.04209734e-01 -4.15661788e-01  2.75178386e-01 -6.64683310e-02  5.41043576e-02  2.02822030e-03  1.27983997e-02 -1.31297473e-03  5.90287490e-03  6.31681227e-03  4.45608167e-03 -3.34634640e-03  1.64331918e-04 -2.91319057e-03 -1.12816067e-03 -9.09306224e-03 -2.02067427e-03
 7.33466900e+00 -4.41627025e-01 -4.52017652e-01  3.20424210e-01 -3.92559938e-01  2.37734162e-01 -6.64477871e-02  4.61423034e-02  3.21917831e-04  1.14026144e-02 -1.76037086e-03  5.64392455e-03  5.84001022e-03  4.35953618e-03 -3.43394663e-03  6.36677060e-05 -3.32080484e-03 -1.33383905e-03 -8.16206094e-03 -1.93021036e-03
 7.38677400e+00 -4.61003019e-01 -4.17272729e-01  2.46221141e-01 -3.70436686e-01  2.04359755e-01 -6.60255669e-02  3.91368580e-02 -1.17749418e-03  1.02265224e-02 -2.10959872e-03  5.42226012e-03  5.43214286e-03  4.25780780e-03 -3.48402511e-03 -4.90868924e-05 -3.69670586e-03 -1.51670061e-03 -7.29808428e-03 -1.83959693e-03
 7.43887800e+00 -4.76274056e-01 -3.84780705e-01  1.80674860e-01 -3.49290556e-01  1.74654756e-01 -6.52615138e-02  3.29886237e-02 -2.49189017e-03  9.24190691e-03 -2.37623618e-03  5.23021156e-03  5.08265989e-03  4.15539045e-03 -3.49407937e-03 -1.72881291e-04 -4.03136647e-03 -1.68101988e-03 -6.50737360e-03 -1.75478529e-03
 7.49098200e+00 -4.87898594e-01 -3.54425495e-01  1.22936773e-01 -3.29110777e-01  1.48253453e-01 -6.42092728e-02  2.76074124e-02 -3.64038094e-03  8.42260085e-03 -2.57482468e-03  5.06070918e-03  4.78137490e-03  4.05605796e-03 -3.46391292e-03 -3.05589607e-04 -4.31773984e-03 -1.83006690e-03 -5.79417085e-03 -1.68066842e-03
 7.54308600e+00 -4.96293002e-01 -3.26094066e-01  7.22345288e-02 -3.09880578e-01  1.24824406e-01 -6.29169264e-02  2.29116773e-02 -4.63962267e-03  7.74457829e-03 -2.71867884e-03  4.90739221e-03  4.51878652e-03  3.96276322e-03 -3.39529203e-03 -4.44391165e-04 -4.55128789e-03 -1.96612911e-03 -5.16095319e-03 -1.62095167e-03
 7.59519000e+00 -5.01835303e-01 -2.99676391e-01  2.78644819e-02 -2.91578199e-01  1.04067004e-01 -6.14274919e-02  1.88274476e-02 -5.50422055e-03  7.18595214e-03 -2.81976588e-03  4.76469610e-03  4.28629788e-03  3.87760132e-03 -3.29155595e-03 -5.86124383e-04 -4.72993541e-03 -2.09060168e-03 -4.60857699e-03 -1.57810286e-03
 7.64729500e+00 -5.04868222e-01 -2.75065499e-01 -1.08144741e-02 -2.74177855e-01  8.57086029e-02 -5.97793077e-02  1.52875048e-02 -6.24706518e-03  6.72698911e-03 -2.88861880e-03  4.62792864e-03  4.07637515e-03  3.80183339e-03 -3.15720310e-03 -7.27587545e-04 -4.85391727e-03 -2.20411768e-03 -4.13642904e-03 -1.55338178e-03
 7.69939900e+00 -5.05701740e-01 -2.52159711e-01 -4.43830850e-02 -2.57652181e-01  6.95035544e-02 -5.80065242e-02  1.22310120e-02 -6.87955672e-03  6.35014794e-03 -2.93428700e-03  4.49333439e-03  3.88265941e-03  3.73596348e-03 -2.99749944e-03 -8.65763005e-04 -4.92552994e-03 -2.30669751e-03 -3.74262139e-03 -1.54693567e-03
 7.75150300e+00 -5.04615968e-01 -2.30860066e-01 -7.33708431e-02 -2.41971165e-01  5.52289152e-02 -5.61392333e-02  9.60257752e-03 -7.41192975e-03  6.04000192e-03 -2.96434283e-03  4.35810126e-03  3.69997652e-03  3.67983231e-03 -2.81809169e-03 -9.98003068e-04 -4.94883935e-03 -2.39793601e-03 -3.42409922e-03 -1.55793895e-03
 7.80360700e+00 -5.01863252e-01 -2.11072387e-01 -9.82572816e-02 -2.27104273e-01  4.26838554e-02 -5.42038889e-02  7.35207997e-03 -7.85339933e-03  5.78321457e-03 -2.98491567e-03  4.22035760e-03  3.52433155e-03  3.63274390e-03 -2.62469349e-03 -1.12212601e-03 -4.92931948e-03 -2.47716991e-03 -3.17684275e-03 -1.58477028e-03
 7.85571100e+00 -4.97670481e-01 -1.92706835e-01 -1.19476851e-01 -2.13020698e-01  3.16873646e-02 -5.22235579e-02  5.43419807e-03 -8.21235073e-03  5.56843194e-03 -3.00076991e-03  4.07912071e-03  3.35283616e-03  3.59359139e-03 -2.42281682e-03 -1.23647028e-03 -4.87348174e-03 -2.54364594e-03 -2.99602296e-03 -1.62520319e-03
 7.90781600e+00 -4.92241086e-01 -1.75677560e-01 -1.37423059e-01 -1.99689552e-01  2.20762787e-02 -5.02181548e-02  3.80802545e-03 -8.49649084e-03  5.38614808e-03 -3.01541229e-03  3.93421325e-03  3.18360099e-03  3.56098148e-03 -2.21756321e-03 -1.33990189e-03 -4.78849797e-03 -2.59666679e-03 -2.87616503e-03 -1.67660108e-03
 7.95992000e+00 -4.85757477e-01 -1.59903875e-01 -1.52450744e-01 -1.87081178e-01  1.37043053e-02 -4.82048647e-02  2.43686366e-03 -8.71294902e-03  5.22856015e-03 -3.03122155e-03  3.78616721e-03  3.01561928e-03  3.53335275e-03 -2.01349498e-03 -1.43177713e-03 -4.68184928e-03 -2.63570414e-03 -2.81131912e-03 -1.73609789e-03
 8.01202400e+00 -4.78382291e-01 -1.45308160e-01 -1.64881467e-01 -1.75165805e-01  6.43935053e-03 -4.61981758e-02  1.28773127e-03 -8.86840735e-03  5.08937070e-03 -3.04959733e-03  3.63608115e-03  2.84860368e-03  3.50907448e-03 -1.81452257e-03 -1.51190045e-03 -4.56098990e-03 -2.66048914e-03 -2.79520462e-03 -1.80077092e-03
 8.06412800e+00 -4.70260559e-01 -1.31817010e-01 -1.75005194e-01 -1.63914681e-01  1.62825997e-04 -4.42102914e-02  3.31204612e-04 -8.96915350e-03  4.96361514e-03 -3.07111564e-03  3.48549424e-03  2.68285062e-03  3.48653589e-03 -1.62387964e-03 -1.58044767e-03 -4.43307050e-03 -2.67105914e-03 -2.82137080e-03 -1.86777978e-03
 8.11623200e+00 -4.61521260e-01 -1.19360715e-01 -1.83083543e-01 -1.53299843e-01 -5.23188620e-03 -4.22513422e-02 -4.58892546e-04 -9.02114273e-03  4.84746956e-03 -3.09568818e-03  3.33624353e-03  2.51909162e-03  3.46421509e-03 -1.44411812e-03 -1.63789312e-03 -4.30470476e-03 -2.66777818e-03 -2.88333435e-03 -1.93448255e-03
 8.16833700e+00 -4.52278679e-01 -1.07872859e-01 -1.89352532e-01 -1.43293914e-01 -9.84073627e-03 -4.03295892e-02 -1.10576624e-03 -9.03003553e-03  4.73806609e-03 -3.12271837e-03  3.19032566e-03  2.35835421e-03  3.44073168e-03 -1.27713459e-03 -1.68493584e-03 -4.18178912e-03 -2.65132813e-03 -2.97470962e-03 -1.99852354e-03
 8.22044100e+00 -4.42634541e-01 -9.72910009e-02 -1.94024556e-01 -1.33870818e-01 -1.37497759e-02 -3.84517963e-02 -1.62986153e-03 -9.00121970e-03  4.63333043e-03 -3.15124604e-03  3.04978297e-03  2.20185212e-03  3.41488602e-03 -1.12423418e-03 -1.72242660e-03 -4.06938838e-03 -2.62267920e-03 -3.08931520e-03 -2.05788707e-03
 8.27254500e+00 -4.32678240e-01 -8.75551883e-02 -1.97291301e-01 -1.25004571e-01 -1.70366840e-02 -3.66232178e-02 -2.04918237e-03 -8.93981996e-03  4.53181442e-03 -3.18008480e-03  2.91657684e-03  2.05086120e-03  3.38567995e-03 -9.86176648e-04 -1.75131186e-03 -3.97164896e-03 -2.58304054e-03 -3.22128334e-03 -2.11093791e-03
 8.32464900e+00 -4.22488738e-01 -7.86087084e-02 -1.99325238e-01 -1.16670008e-01 -1.97712937e-02 -3.48479392e-02 -2.37947463e-03 -8.85069474e-03  4.43256813e-03 -3.20793854e-03  2.79250751e-03  1.90664434e-03  3.35232977e-03 -8.63262213e-04 -1.77257821e-03 -3.89178250e-03 -2.53380329e-03 -3.36513562e-03 -2.15642671e-03
 8.37675400e+00 -4.12135269e-01 -7.03975769e-02 -2.00281570e-01 -1.08842389e-01 -2.20165222e-02 -3.31289791e-02 -2.63446715e-03 -8.73842499e-03  4.33501892e-03 -3.23350351e-03  2.67913782e-03  1.77037626e-03  3.31426598e-03 -7.55401244e-04 -1.78721210e-03 -3.83207642e-03 -2.47647652e-03 -3.51585282e-03 -2.19348360e-03
 8.42885800e+00 -4.01679120e-01 -6.28710416e-02 -2.00299810e-01 -1.01497955e-01 -2.38289143e-02 -3.14685747e-02 -2.82606355e-03 -8.60730913e-03  4.23888119e-03 -3.25554909e-03  2.57775066e-03  1.64310128e-03  3.27112899e-03 -6.62195365e-04 -1.79616706e-03 -3.79394470e-03 -2.41262940e-03 -3.66891187e-03 -2.22159235e-03
 8.48096200e+00 -3.91173325e-01 -5.59805426e-02 -1.99505350e-01 -9.46130058e-02 -2.52595248e-02 -2.98681172e-02 -2.96456742e-03 -8.46133387e-03  4.14406560e-03 -3.27298519e-03  2.48930434e-03  1.52568074e-03  3.22275109e-03 -5.82993584e-04 -1.80034247e-03 -3.77799258e-03 -2.34382632e-03 -3.82033563e-03 -2.24056068e-03
 8.53306600e+00 -3.80664258e-01 -4.96802714e-02 -1.98010694e-01 -8.81645052e-02 -2.63542905e-02 -2.83284030e-02 -3.05884319e-03 -8.30416673e-03  4.05062322e-03 -3.28490682e-03  2.41442793e-03  1.41878038e-03  3.16914081e-03 -5.16963062e-04 -1.80056700e-03 -3.78411109e-03 -2.27158010e-03 -3.96669817e-03 -2.25047607e-03
 8.58517000e+00 -3.70192160e-01 -4.39269334e-02 -1.95916666e-01 -8.21299330e-02 -2.71545676e-02 -2.68497001e-02 -3.11648853e-03 -8.13914064e-03  3.95869454e-03 -3.29062490e-03  2.35342081e-03  1.32285613e-03  3.11046076e-03 -4.63141787e-04 -1.79758989e-03 -3.81157620e-03 -2.19730896e-03 -4.10513026e-03 -2.25166133e-03
 8.63727500e+00 -3.59791593e-01 -3.86795843e-02 -1.93313438e-01 -7.64872003e-02 -2.76975728e-02 -2.54318078e-02 -3.14398667e-03 -7.96924124e-03  3.86847059e-03 -3.28968180e-03  2.30626675e-03  1.23815058e-03  3.04700301e-03 -4.20485129e-04 -1.79207670e-03 -3.85915545e-03 -2.12230285e-03 -4.23331154e-03 -2.24462806e-03
 8.68937900e+00 -3.49492824e-01 -3.38999597e-02 -1.90281701e-01 -7.12151040e-02 -2.80167325e-02 -2.40742378e-02 -3.14684250e-03 -7.79711541e-03  3.78017243e-03 -3.28185437e-03  2.27266223e-03  1.16470505e-03  2.97917026e-03 -3.87908637e-04 -1.78460936e-03 -3.92520945e-03 -2.04770714e-03 -4.34943979e-03 -2.23003208e-03
 8.74148300e+00 -3.39321155e-01 -2.95518088e-02 -1.86893245e-01 -6.62927122e-02 -2.81420891e-02 -2.27761135e-02 -3.12970922e-03 -7.62505259e-03  3.69402116e-03 -3.26714619e-03  2.25204348e-03  1.10236141e-03  2.90744488e-03 -3.64315802e-04 -1.77568780e-03 -4.00779910e-03 -1.97450118e-03 -4.45221528e-03 -2.20863004e-03
 8.79358700e+00 -3.29298206e-01 -2.56012415e-02 -1.83211951e-01 -6.16998416e-02 -2.81005639e-02 -2.15363326e-02 -3.09649636e-03 -7.45500434e-03  3.61023129e-03 -3.24577146e-03  2.24362757e-03  1.05078497e-03  2.83237137e-03 -3.48627636e-04 -1.76573460e-03 -4.10477676e-03 -1.90349973e-03 -4.54079305e-03 -2.18124133e-03
 8.84569100e+00 -3.19442141e-01 -2.20165557e-02 -1.79294479e-01 -5.74169840e-02 -2.79162490e-02 -2.03535855e-02 -3.05046895e-03 -7.28859303e-03  3.52900007e-03 -3.21813267e-03  2.24645137e-03  1.00948179e-03  2.75453445e-03 -3.39802047e-04 -1.75510027e-03 -4.21387254e-03 -1.83535431e-03 -4.61474230e-03 -2.14871431e-03
 8.89779600e+00 -3.09767872e-01 -1.87681060e-02 -1.75190853e-01 -5.34252673e-02 -2.76106539e-02 -1.92263725e-02 -2.99433352e-03 -7.12712560e-03  3.45050037e-03 -3.18479327e-03  2.25941243e-03  9.77819409e-04  2.67453899e-03 -3.36849010e-04 -1.74406923e-03 -4.33277166e-03 -1.77056037e-03 -4.67400066e-03 -2.11189706e-03
 8.94990000e+00 -3.00288153e-01 -1.58284705e-02 -1.70945391e-01 -4.97067889e-02 -2.72029619e-02 -1.81531240e-02 -2.93031954e-03 -6.97162663e-03  3.37488358e-03 -3.14645106e-03  2.28130748e-03  9.55051286e-04  2.59299994e-03 -3.38841450e-04 -1.73286720e-03 -4.45916914e-03 -1.70947480e-03 -4.71882117e-03 -2.07161706e-03
 9.00200400e+00 -2.91012775e-01 -1.31719963e-02 -1.66596802e-01 -4.62441822e-02 -2.67102055e-02 -1.71320998e-02 -2.86024073e-03 -6.82284386e-03  3.30226916e-03 -3.10390417e-03  2.31087137e-03  9.40335809e-04  2.51051938e-03 -3.44921980e-04 -1.72166664e-03 -4.59083657e-03 -1.65232380e-03 -4.74973001e-03 -2.02865879e-03
 9.05410800e+00 -2.81949598e-01 -1.07749691e-02 -1.62179011e-01 -4.30209484e-02 -2.61474827e-02 -1.61615028e-02 -2.78555891e-03 -6.68128695e-03  3.23275055e-03 -3.05802352e-03  2.34681069e-03  9.32761257e-04  2.42768139e-03 -3.54307156e-04 -1.71059421e-03 -4.72565539e-03 -1.59922483e-03 -4.76747334e-03 -1.98375321e-03
 9.10621200e+00 -2.73104616e-01 -8.61545818e-03 -1.57721560e-01 -4.00213903e-02 -2.55281311e-02 -1.52394800e-02 -2.70743539e-03 -6.54725211e-03  3.16639429e-03 -3.00972357e-03  2.38783455e-03  9.31366765e-04  2.34504161e-03 -3.66288769e-04 -1.69973702e-03 -4.86165141e-03 -1.55020280e-03 -4.77297236e-03 -1.93756797e-03
 9.15831700e+00 -2.64482020e-01 -6.67318847e-03 -1.53249965e-01 -3.72305663e-02 -2.48638793e-02 -1.43641262e-02 -2.62677546e-03 -6.42084788e-03  3.10324004e-03 -2.95993486e-03  2.43268207e-03  9.35163003e-04  2.26311905e-03 -3.80233499e-04 -1.68914867e-03 -4.99702075e-03 -1.50520621e-03 -4.76727967e-03 -1.89070128e-03
 9.21042100e+00 -2.56085063e-01 -4.92959073e-03 -1.48786460e-01 -3.46344994e-02 -2.41650520e-02 -1.35335687e-02 -2.54427497e-03 -6.30203262e-03  3.04330689e-03 -2.90958389e-03  2.48014116e-03  9.43150970e-04  2.18239757e-03 -3.95579599e-04 -1.67885590e-03 -5.13013470e-03 -1.46412668e-03 -4.75153999e-03 -1.84368330e-03
 9.26252500e+00 -2.47915245e-01 -3.36748235e-03 -1.44349854e-01 -3.22198486e-02 -2.34406330e-02 -1.27458826e-02 -2.46044648e-03 -6.19062695e-03  2.98658791e-03 -2.85956658e-03  2.52907190e-03  9.54340046e-04  2.10331356e-03 -4.11835121e-04 -1.66886290e-03 -5.25956386e-03 -1.42680833e-03 -4.72695359e-03 -1.79697117e-03
 9.31462900e+00 -2.39973141e-01 -1.97112399e-03 -1.39956214e-01 -2.99741128e-02 -2.26984463e-02 -1.19991722e-02 -2.37565644e-03 -6.08634906e-03  2.93305695e-03 -2.81073432e-03  2.57841724e-03  9.67763620e-04  2.02626072e-03 -4.28572628e-04 -1.65915725e-03 -5.38407023e-03 -1.39306426e-03 -4.69474476e-03 -1.75095506e-03
 9.36673300e+00 -2.32258377e-01 -7.26084845e-04 -1.35619090e-01 -2.78855560e-02 -2.19452624e-02 -1.12915671e-02 -2.29015088e-03 -5.98883594e-03  2.88266942e-03 -2.76387859e-03  2.62721410e-03  9.82493090e-04  1.95158823e-03 -4.45424656e-04 -1.64971435e-03 -5.50260771e-03 -1.36268665e-03 -4.65613444e-03 -1.70596115e-03
 9.41883800e+00 -2.24769620e-01  3.80871151e-04 -1.31349720e-01 -2.59431476e-02 -2.11868943e-02 -1.06212190e-02 -2.20407752e-03 -5.89766309e-03  2.83536338e-03 -2.71971886e-03  2.67460122e-03  9.97650239e-04  1.87960013e-03 -4.62078914e-04 -1.64050151e-03 -5.61431822e-03 -1.33545549e-03 -4.61231614e-03 -1.66225577e-03
 9.47094200e+00 -2.17505257e-01  1.36179436e-03 -1.27157611e-01 -2.41366808e-02 -2.04283563e-02 -9.98636261e-03 -2.11751315e-03 -5.81237064e-03  2.79106521e-03 -2.67889757e-03  2.71981933e-03  1.01241623e-03  1.81056216e-03 -4.78271802e-04 -1.63148236e-03 -5.71851433e-03 -1.31114792e-03 -4.56444043e-03 -1.62005437e-03
 9.52304600e+00 -2.10462635e-01  2.22776474e-03 -1.23050286e-01 -2.24565185e-02 -1.96738690e-02 -9.38524483e-03 -2.03047175e-03 -5.73246962e-03  2.74968610e-03 -2.64196939e-03  2.76221783e-03  1.02604163e-03  1.74469556e-03 -4.93785166e-04 -1.62261909e-03 -5.81468117e-03 -1.28954086e-03 -4.51359464e-03 -1.57952232e-03
 9.57515000e+00 -2.03638730e-01  2.98888896e-03 -1.19033824e-01 -2.08937122e-02 -1.89270014e-02 -8.81618356e-03 -1.94292675e-03 -5.65746355e-03  2.71112770e-03 -2.60940158e-03  2.80124999e-03  1.03785173e-03  1.68218488e-03 -5.08440022e-04 -1.61387596e-03 -5.90245514e-03 -1.27041738e-03 -4.46079455e-03 -1.54078426e-03
 9.62725500e+00 -1.97029954e-01  3.65441513e-03 -1.15112893e-01 -1.94399022e-02 -1.81907196e-02 -8.27754880e-03 -1.85482116e-03 -5.58685737e-03  2.67528243e-03 -2.58157159e-03  2.83647160e-03  1.04725167e-03  1.62317808e-03 -5.22092413e-04 -1.60522130e-03 -5.98161418e-03 -1.25356875e-03 -4.40697408e-03 -1.50392835e-03
 9.67935900e+00 -1.90632727e-01  4.23275930e-03 -1.11291224e-01 -1.80873916e-02 -1.74675119e-02 -7.76780690e-03 -1.76608582e-03 -5.52017284e-03  2.64203793e-03 -2.55877001e-03  2.86753384e-03  1.05372885e-03  1.56779358e-03 -5.34627993e-04 -1.59663009e-03 -6.05205789e-03 -1.23879755e-03 -4.35298390e-03 -1.46901448e-03
 9.73146300e+00 -1.84442780e-01  4.73165288e-03 -1.07571314e-01 -1.68289441e-02 -1.67593675e-02 -7.28546088e-03 -1.67663908e-03 -5.45694831e-03  2.61127470e-03 -2.54119972e-03  2.89418173e-03  1.05685558e-03  1.51611605e-03 -5.45959604e-04 -1.58808442e-03 -6.11380281e-03 -1.22591674e-03 -4.29958209e-03 -1.43607500e-03
 9.78356700e+00 -1.78455717e-01  5.15815596e-03 -1.03954865e-01 -1.56578620e-02 -1.60678895e-02 -6.82909363e-03 -1.58640167e-03 -5.39675043e-03  2.58287043e-03 -2.52898187e-03  2.91624492e-03  1.05628852e-03  1.46820354e-03 -5.56022591e-04 -1.57957523e-03 -6.16696235e-03 -1.21475128e-03 -4.24743718e-03 -1.40512215e-03
 9.83567100e+00 -1.72666939e-01  5.51873223e-03 -1.00442835e-01 -1.45679236e-02 -1.53943321e-02 -6.39735767e-03 -1.49530177e-03 -5.33917726e-03  2.55670083e-03 -2.52215991e-03  2.93363131e-03  1.05176780e-03  1.42408862e-03 -5.64771871e-04 -1.57110288e-03 -6.21173524e-03 -1.20513755e-03 -4.19712791e-03 -1.37615119e-03
 9.88777600e+00 -1.67071576e-01  5.81931041e-03 -9.70354776e-02 -1.35533306e-02 -1.47396334e-02 -5.98896715e-03 -1.40327866e-03 -5.28386040e-03  2.53264050e-03 -2.52070509e-03  2.94631985e-03  1.04311471e-03  1.38377987e-03 -5.72179250e-04 -1.56267738e-03 -6.24839349e-03 -1.19692264e-03 -4.14914444e-03 -1.34914341e-03
 9.93988000e+00 -1.61664952e-01  6.06531388e-03 -9.37327032e-02 -1.26087533e-02 -1.41045063e-02 -5.60272767e-03 -1.31029404e-03 -5.23047109e-03  2.51056599e-03 -2.52452247e-03  2.95435216e-03  1.03022936e-03  1.34726685e-03 -5.78230438e-04 -1.55431907e-03 -6.27726796e-03 -1.18996416e-03 -4.10389533e-03 -1.32407091e-03
 9.99198400e+00 -1.56441978e-01  6.26174192e-03 -9.05337684e-02 -1.17291829e-02 -1.34893995e-02 -5.23748766e-03 -1.21632465e-03 -5.17871473e-03  2.49035413e-03 -2.53345702e-03  2.95782640e-03  1.01308575e-03  1.31451725e-03 -5.82923808e-04 -1.54605751e-03 -6.29874151e-03 -1.18412834e-03 -4.06170614e-03 -1.30089594e-03
 1.00440880e+01 -1.51397606e-01  6.41318804e-03 -8.74376158e-02 -1.09099832e-02 -1.28945801e-02 -4.89216798e-03 -1.12137155e-03 -5.12833524e-03  2.47188488e-03 -2.54730047e-03  2.95688889e-03  9.91727876e-04  1.28548163e-03 -5.86268023e-04 -1.53793171e-03 -6.31323598e-03 -1.17928973e-03 -4.02282799e-03 -1.27957482e-03
 1.00961920e+01 -1.46526755e-01  6.52388446e-03 -8.44428724e-02 -1.01468428e-02 -1.23201497e-02 -4.56575140e-03 -1.02545977e-03 -5.07911327e-03  2.45504169e-03 -2.56579774e-03  2.95172728e-03  9.66264456e-04  1.26009400e-03 -5.88280691e-04 -1.52998934e-03 -6.32120373e-03 -1.17533009e-03 -3.98744188e-03 -1.26005888e-03
 1.01482970e+01 -1.41824239e-01  6.59773743e-03 -8.15478521e-02 -9.43573795e-03 -1.17660587e-02 -4.25727401e-03 -9.28637122e-04 -5.03086411e-03  2.43971195e-03 -2.58865402e-03  2.94256357e-03  9.36862843e-04  1.23827267e-03 -5.88987104e-04 -1.52228581e-03 -6.32311935e-03 -1.17213747e-03 -3.95566369e-03 -1.24229523e-03
 1.02004010e+01 -1.37285144e-01  6.63835280e-03 -7.87508249e-02 -8.77296245e-03 -1.12321711e-02 -3.96584549e-03 -8.30981609e-04 -4.98343970e-03  2.42578870e-03 -2.61553930e-03  2.92964851e-03  9.03745543e-04  1.21992294e-03 -5.88419164e-04 -1.51488394e-03 -6.31947217e-03 -1.16960571e-03 -3.92755221e-03 -1.22622887e-03
 1.02525050e+01 -1.32904310e-01  6.64907157e-03 -7.60497263e-02 -8.15502536e-03 -1.07182193e-02 -3.69061048e-03 -7.32589716e-04 -4.93672120e-03  2.41316936e-03 -2.64609723e-03  2.91325469e-03  8.67180805e-04  1.20493554e-03 -5.86614584e-04 -1.50785203e-03 -6.31075987e-03 -1.16763343e-03 -3.90311125e-03 -1.21180108e-03
 1.03046090e+01 -1.28676707e-01  6.63298755e-03 -7.34424172e-02 -7.57868686e-03 -1.02238648e-02 -3.43076925e-03 -6.33582743e-04 -4.89062047e-03  2.40175729e-03 -2.67994935e-03  2.89367165e-03  8.27478681e-04  1.19318924e-03 -5.83616073e-04 -1.50126334e-03 -6.29748244e-03 -1.16612386e-03 -3.88229773e-03 -1.19895117e-03
 1.03567130e+01 -1.24597355e-01  6.59297035e-03 -7.09266591e-02 -7.04092662e-03 -9.74870162e-03 -3.18556830e-03 -5.34103462e-04 -4.84507685e-03  2.39146177e-03 -2.71670108e-03  2.87120081e-03  7.84984338e-04  1.18455117e-03 -5.79470737e-04 -1.49519474e-03 -6.28013720e-03 -1.16498439e-03 -3.86502665e-03 -1.18761621e-03
 1.04088180e+01 -1.20661267e-01  6.53168253e-03 -6.85000942e-02 -6.53891848e-03 -9.29226078e-03 -2.95429278e-03 -4.34312351e-04 -4.80005389e-03  2.38219797e-03 -2.75594780e-03  2.84615047e-03  7.40071060e-04  1.17887750e-03 -5.74229431e-04 -1.48972534e-03 -6.25921401e-03 -1.16412643e-03 -3.85117612e-03 -1.17773085e-03
 1.04609220e+01 -1.16863751e-01  6.45160105e-03 -6.61604522e-02 -6.07005373e-03 -8.85405608e-03 -2.73628067e-03 -3.34393130e-04 -4.75554040e-03  2.37388775e-03 -2.79727668e-03  2.81883376e-03  6.93137730e-04  1.17601448e-03 -5.67946700e-04 -1.48493567e-03 -6.23519319e-03 -1.16346541e-03 -3.84059349e-03 -1.16922793e-03
 1.05130260e+01 -1.13199975e-01  6.35502438e-03 -6.39052894e-02 -5.63187038e-03 -8.43354128e-03 -2.53089305e-03 -2.34538908e-04 -4.71154285e-03  2.36645860e-03 -2.84027576e-03  2.78956219e-03  6.44597792e-04  1.17579852e-03 -5.60679740e-04 -1.48090570e-03 -6.20853997e-03 -1.16292072e-03 -3.83309858e-03 -1.16203726e-03
 1.05651300e+01 -1.09665272e-01  6.24408922e-03 -6.17321923e-02 -5.22208038e-03 -8.03015378e-03 -2.33752901e-03 -1.34957312e-04 -4.66808650e-03  2.35984431e-03 -2.88453513e-03  2.75864435e-03  5.94877009e-04  1.17805734e-03 -5.52488370e-04 -1.47771400e-03 -6.17970338e-03 -1.16241598e-03 -3.82848939e-03 -1.15608616e-03
 1.06172340e+01 -1.06255071e-01  6.12078042e-03 -5.96387430e-02 -4.83854909e-03 -7.64331300e-03 -2.15561822e-03 -3.58659328e-05 -4.62521223e-03  2.35398465e-03 -2.92965149e-03  2.72638279e-03  5.44407216e-04  1.18261058e-03 -5.43434541e-04 -1.47543634e-03 -6.14911370e-03 -1.16187928e-03 -3.82654606e-03 -1.15129917e-03
 1.06693390e+01 -1.02964845e-01  5.98693771e-03 -5.76224912e-02 -4.47927893e-03 -7.27241959e-03 -1.98461496e-03  6.25122682e-05 -4.58297357e-03  2.34882513e-03 -2.97523241e-03  2.69307098e-03  4.93620207e-04  1.18927066e-03 -5.33581743e-04 -1.47414445e-03 -6.11718018e-03 -1.16124346e-03 -3.82703488e-03 -1.14759779e-03
 1.07214430e+01 -9.97903593e-02  5.84427444e-03 -5.56811165e-02 -4.14242787e-03 -6.91688901e-03 -1.82400850e-03  1.59944160e-04 -4.54143787e-03  2.34431714e-03 -3.02089593e-03  2.65899393e-03  4.42946806e-04  1.19784301e-03 -5.22995372e-04 -1.47390484e-03 -6.08429204e-03 -1.16044657e-03 -3.82971191e-03 -1.14490068e-03
 1.07735470e+01 -9.67273022e-02  5.69436940e-03 -5.38122029e-02 -3.82626025e-03 -6.57611347e-03 -1.67330100e-03  2.56200504e-04 -4.50067942e-03  2.34041713e-03 -3.06627854e-03  2.62442269e-03  3.92806494e-04  1.20812766e-03 -5.11741179e-04 -1.47477748e-03 -6.05081386e-03 -1.15943217e-03 -3.83432641e-03 -1.14312316e-03
 1.08256510e+01 -9.37715393e-02  5.53868325e-03 -5.20134004e-02 -3.52916770e-03 -6.24949474e-03 -1.53201866e-03  3.51051060e-04 -4.46078096e-03  2.33708670e-03 -3.11103405e-03  2.58961550e-03  3.43607126e-04  1.21991967e-03 -4.99885586e-04 -1.47681491e-03 -6.01708724e-03 -1.15814980e-03 -3.84062402e-03 -1.14217755e-03
 1.08777560e+01 -9.09189994e-02  5.37855867e-03 -5.02823578e-02 -3.24965038e-03 -5.93643441e-03 -1.39970386e-03  4.44270847e-04 -4.42183028e-03  2.33429216e-03 -3.15483739e-03  2.55481548e-03  2.95739231e-04  1.23301036e-03 -4.87494811e-04 -1.48006114e-03 -5.98342906e-03 -1.15655533e-03 -3.84834970e-03 -1.14197313e-03
 1.09298600e+01 -8.81658929e-02  5.21523780e-03 -4.86168574e-02 -2.98633218e-03 -5.63636073e-03 -1.27592335e-03  5.35635513e-04 -4.38392170e-03  2.33200440e-03 -3.19738300e-03  2.52025242e-03  2.49576178e-04  1.24718729e-03 -4.74635373e-04 -1.48455057e-03 -5.95013388e-03 -1.15461151e-03 -3.85724972e-03 -1.14241635e-03
 1.09819640e+01 -8.55083851e-02  5.04984837e-03 -4.70146185e-02 -2.73792312e-03 -5.34869512e-03 -1.16025140e-03  6.24934420e-04 -4.34715000e-03  2.33019818e-03 -3.23839139e-03  2.48613815e-03  2.05465544e-04  1.26223679e-03 -4.61372193e-04 -1.49030744e-03 -5.91746998e-03 -1.15228808e-03 -3.86707494e-03 -1.14341095e-03
 1.10340680e+01 -8.29428173e-02  4.88342025e-03 -4.54734337e-02 -2.50323617e-03 -5.07287870e-03 -1.05227868e-03  7.11965650e-04 -4.31161206e-03  2.32885205e-03 -3.27760692e-03  2.45266886e-03  1.63730076e-04  1.27794398e-03 -4.47769057e-04 -1.49734496e-03 -5.88568207e-03 -1.14956224e-03 -3.87758227e-03 -1.14485831e-03
 1.10861720e+01 -8.04656525e-02  4.71688634e-03 -4.39911371e-02 -2.28117694e-03 -4.80836810e-03 -9.51608438e-04  7.96539830e-04 -4.27740485e-03  2.32794786e-03 -3.31479961e-03  2.42002414e-03  1.24664366e-04  1.29409417e-03 -4.33887892e-04 -1.50566473e-03 -5.85499096e-03 -1.14641884e-03 -3.88853678e-03 -1.14665776e-03
 1.11382770e+01 -7.80734293e-02  4.55108324e-03 -4.25655785e-02 -2.07073534e-03 -4.55463235e-03 -8.57853667e-04  8.78483502e-04 -4.24462358e-03  2.32747041e-03 -3.34976644e-03  2.38836637e-03  8.85321708e-05  1.31047425e-03 -4.19788021e-04 -1.51525652e-03 -5.82559336e-03 -1.14285049e-03 -3.89971349e-03 -1.14870705e-03
 1.11903810e+01 -7.57629445e-02  4.38676761e-03 -4.11947330e-02 -1.87099734e-03 -4.31117358e-03 -7.70643294e-04  9.57634503e-04 -4.21336309e-03  2.32740706e-03 -3.38232919e-03  2.35784315e-03  5.55674689e-05  1.32687262e-03 -4.05526768e-04 -1.52609715e-03 -5.79766471e-03 -1.13885793e-03 -3.91089806e-03 -1.15090261e-03
 1.12424850e+01 -7.35309768e-02  4.22460064e-03 -3.98765381e-02 -1.68111666e-03 -4.07749900e-03 -6.89610661e-04  1.03385281e-03 -4.18371304e-03  2.32774733e-03 -3.41233868e-03  2.32858386e-03  2.59689841e-05  1.34308222e-03 -3.91157377e-04 -1.53815146e-03 -5.77135633e-03 -1.13444966e-03 -3.92188931e-03 -1.15314029e-03
 1.12945890e+01 -7.13744710e-02  4.06516440e-03 -3.86090049e-02 -1.50032726e-03 -3.85314160e-03 -6.14400273e-04  1.10701535e-03 -4.15575949e-03  2.32848250e-03 -3.43967205e-03  2.30070241e-03 -9.79333198e-08  1.35890045e-03 -3.76729650e-04 -1.55137154e-03 -5.74679846e-03 -1.12964210e-03 -3.93249947e-03 -1.15531576e-03
 1.13466930e+01 -6.92904904e-02  3.90896220e-03 -3.73901912e-02 -1.32793534e-03 -3.63765597e-03 -5.44665494e-04  1.17701858e-03 -4.12958337e-03  2.32960525e-03 -3.46423330e-03  2.27429700e-03 -2.25026443e-05  1.37413067e-03 -3.62289274e-04 -1.56569710e-03 -5.72410039e-03 -1.12445937e-03 -3.94255534e-03 -1.15732508e-03
 1.13987980e+01 -6.72761772e-02  3.75641936e-03 -3.62181799e-02 -1.16331245e-03 -3.43061506e-03 -4.80067052e-04  1.24378040e-03 -4.10525920e-03  2.33110930e-03 -3.48595326e-03  2.24945014e-03 -4.11498232e-05  1.38858363e-03 -3.47877168e-04 -1.58105602e-03 -5.70335093e-03 -1.11893297e-03 -3.95189918e-03 -1.15906536e-03
 1.14509020e+01 -6.53289045e-02  3.60789852e-03 -3.50911693e-02 -1.00590432e-03 -3.23162632e-03 -4.20277707e-04  1.30723558e-03 -4.08285613e-03  2.33298889e-03 -3.50478745e-03  2.22623099e-03 -5.59780567e-05  1.40207750e-03 -3.33530262e-04 -1.59736363e-03 -5.68462081e-03 -1.11310178e-03 -3.96038863e-03 -1.16043519e-03
 1.15030060e+01 -6.34460420e-02  3.46368583e-03 -3.40073389e-02 -8.55208139e-04 -3.04030818e-03 -3.64974749e-04  1.36734369e-03 -4.06243442e-03  2.33523859e-03 -3.52071788e-03  2.20469319e-03 -6.69616381e-05  1.41444069e-03 -3.19279556e-04 -1.61452507e-03 -5.66796117e-03 -1.10701107e-03 -3.96789823e-03 -1.16133548e-03
 1.15551100e+01 -6.16251105e-02  3.32400666e-03 -3.29649404e-02 -7.10781654e-04 -2.85630617e-03 -3.13845058e-04  1.42408385e-03 -4.04404662e-03  2.33785282e-03 -3.53375043e-03  2.18487729e-03 -7.41084078e-05  1.42551175e-03 -3.05151001e-04 -1.63243490e-03 -5.65340615e-03 -1.10071238e-03 -3.97431902e-03 -1.16166991e-03
 1.16072140e+01 -5.98637395e-02  3.18902651e-03 -3.19622765e-02 -5.72236199e-04 -2.67928879e-03 -2.66583920e-04  1.47745591e-03 -4.02773652e-03  2.34082552e-03 -3.54391427e-03  2.16681104e-03 -7.74592072e-05  1.43514072e-03 -2.91165062e-04 -1.65097828e-03 -5.64097336e-03 -1.09426279e-03 -3.97955888e-03 -1.16134560e-03
 1.16593190e+01 -5.81596335e-02  3.05885268e-03 -3.09976824e-02 -4.39230473e-04 -2.50894409e-03 -2.22894388e-04  1.52748082e-03 -4.01353823e-03  2.34414989e-03 -3.55126080e-03  2.15050968e-03 -7.70866258e-05  1.44319022e-03 -2.77336358e-04 -1.67003239e-03 -5.63066466e-03 -1.08772417e-03 -3.98354260e-03 -1.16027363e-03
 1.17114230e+01 -5.65106978e-02  2.93354828e-03 -3.00696005e-02 -3.11476904e-04 -2.34499215e-03 -1.82490802e-04  1.57419626e-03 -4.00147676e-03  2.34781777e-03 -3.55586192e-03  2.13597793e-03 -7.30936375e-05  1.44953573e-03 -2.63674686e-04 -1.68946608e-03 -5.62246787e-03 -1.08116293e-03 -3.98621157e-03 -1.15836973e-03
 1.17635270e+01 -5.49148405e-02  2.81312143e-03 -2.91764696e-02 -1.88722595e-04 -2.18716488e-03 -1.45094040e-04  1.61766152e-03 -3.99156582e-03  2.35181975e-03 -3.55780938e-03  2.12320875e-03 -6.56118547e-05  1.45406739e-03 -2.50183478e-04 -1.70914337e-03 -5.61635655e-03 -1.07464849e-03 -3.98752398e-03 -1.15555467e-03
 1.18156310e+01 -5.33701005e-02  2.69753962e-03 -2.83168005e-02 -7.07558805e-05 -2.03521849e-03 -1.10435255e-04  1.65795254e-03 -3.98380854e-03  2.35614462e-03 -3.55721271e-03  2.11218544e-03 -5.47995711e-05  1.45669005e-03 -2.36860976e-04 -1.72892333e-03 -5.61229169e-03 -1.06825298e-03 -3.98745420e-03 -1.15175488e-03
 1.18677350e+01 -5.18746113e-02  2.58673144e-03 -2.74891570e-02  4.26000075e-05 -1.88892922e-03 -7.82553383e-05  1.69516168e-03 -3.97819678e-03  2.36077917e-03 -3.55419782e-03  2.10288193e-03 -4.08396798e-05  1.45732410e-03 -2.23700156e-04 -1.74866188e-03 -5.61022252e-03 -1.06205024e-03 -3.98599239e-03 -1.14690286e-03
 1.19198400e+01 -5.04265699e-02  2.48058895e-03 -2.66921414e-02  1.51492707e-04 -1.74808957e-03 -4.83047266e-05  1.72939703e-03 -3.97471077e-03  2.36570805e-03 -3.54890510e-03  2.09526345e-03 -2.39370395e-05  1.45590595e-03 -2.10688736e-04 -1.76821367e-03 -5.61008733e-03 -1.05611483e-03 -3.98314393e-03 -1.14093752e-03
 1.19719440e+01 -4.90243437e-02  2.37897996e-03 -2.59244553e-02  2.56036127e-04 -1.61251786e-03 -2.03460113e-05  1.76077828e-03 -3.97331903e-03  2.37091322e-03 -3.54148825e-03  2.08928772e-03 -4.31739960e-06  1.45238860e-03 -1.97810499e-04 -1.78743214e-03 -5.61181442e-03 -1.05052165e-03 -3.97892897e-03 -1.13380503e-03
 1.20240480e+01 -4.76662996e-02  2.28174013e-03 -2.51848079e-02  3.56326601e-04 -1.48204060e-03  5.84914710e-06  1.78943911e-03 -3.97397781e-03  2.37637432e-03 -3.53211177e-03  2.08490479e-03  1.77771051e-05  1.44674184e-03 -1.85044184e-04 -1.80617328e-03 -5.61532288e-03 -1.04534432e-03 -3.97338144e-03 -1.12545844e-03
 1.20761520e+01 -4.63509123e-02  2.18868538e-03 -2.44719771e-02  4.52437989e-04 -1.35650195e-03  3.04973459e-05  1.81552278e-03 -3.97663131e-03  2.38206819e-03 -3.52094955e-03  2.08205836e-03  4.20893574e-05  1.43895245e-03 -1.72364936e-04 -1.82429570e-03 -5.62052352e-03 -1.04065487e-03 -3.96654834e-03 -1.11585843e-03
 1.21282570e+01 -4.50767078e-02  2.09961227e-03 -2.37847809e-02  5.44428984e-04 -1.23575718e-03  5.38041580e-05  1.83918153e-03 -3.98121161e-03  2.38796898e-03 -3.50818268e-03  2.08068622e-03  6.83507923e-05  1.42902414e-03 -1.59744308e-04 -1.84166290e-03 -5.62731977e-03 -1.03652264e-03 -3.95848870e-03 -1.10497322e-03
 1.21803610e+01 -4.38423562e-02  2.01430869e-03 -2.31221288e-02  6.32339462e-04 -1.11968015e-03  7.59620886e-05  1.86057295e-03 -3.98763840e-03  2.39404770e-03 -3.49399856e-03  2.08072101e-03  9.62821002e-05  1.41697820e-03 -1.47151773e-04 -1.85814339e-03 -5.63560793e-03 -1.03301391e-03 -3.94927318e-03 -1.09277953e-03
 1.22324650e+01 -4.26465209e-02  1.93254751e-03 -2.24829424e-02  7.16204265e-04 -1.00814775e-03  9.71530136e-05  1.87986096e-03 -3.99581965e-03  2.40027287e-03 -3.47858764e-03  2.08209067e-03  1.25599030e-04  1.40285228e-03 -1.34553841e-04 -1.87361414e-03 -5.64527869e-03 -1.03019062e-03 -3.93898220e-03 -1.07926149e-03
 1.22845690e+01 -4.14879528e-02  1.85409711e-03 -2.18662068e-02  7.96049100e-04 -9.01047563e-04  1.17546176e-04  1.89721212e-03 -4.00565160e-03  2.40661016e-03 -3.46214251e-03  2.08471918e-03  1.56013158e-04  1.38670070e-03 -1.21915628e-04 -1.88796058e-03 -5.65621740e-03 -1.02811013e-03 -3.92770535e-03 -1.06441147e-03
 1.23366730e+01 -4.03654611e-02  1.77872312e-03 -2.12709570e-02  8.71895200e-04 -7.98273757e-04  1.37298506e-04  1.91279430e-03 -4.01701917e-03  2.41302261e-03 -3.44485589e-03  2.08852706e-03  1.87235084e-04  1.36859390e-03 -1.09201226e-04 -1.90107818e-03 -5.66830483e-03 -1.02682447e-03 -3.91554018e-03 -1.04822987e-03
 1.23887780e+01 -3.92778883e-02  1.70619030e-03 -2.06962647e-02  9.43763329e-04 -6.99723572e-04  1.56554901e-04  1.92677529e-03 -4.02979678e-03  2.41947091e-03 -3.42691860e-03  2.09343212e-03  2.18977686e-04  1.34861745e-03 -9.63740621e-05 -1.91287377e-03 -5.68141816e-03 -1.02637992e-03 -3.90259077e-03 -1.03072463e-03
 1.24408820e+01 -3.82241892e-02  1.63627104e-03 -2.01412814e-02  1.01167079e-03 -6.05303165e-04  1.75446742e-04  1.93932004e-03 -4.04384789e-03  2.42591317e-03 -3.40851931e-03  2.09934953e-03  2.50956207e-04  1.32687289e-03 -8.33984893e-05 -1.92326566e-03 -5.69543057e-03 -1.02681655e-03 -3.88896755e-03 -1.01191254e-03
 1.24929860e+01 -3.72033012e-02  1.56873973e-03 -1.96051700e-02  1.07564192e-03 -5.14914714e-04  1.94094146e-04  1.95059079e-03 -4.05902727e-03  2.43230585e-03 -3.38984087e-03  2.10619293e-03  2.82894347e-04  1.30347460e-03 -7.02388951e-05 -1.93218584e-03 -5.71021338e-03 -1.02816794e-03 -3.87478459e-03 -9.91816926e-04
 1.25450900e+01 -3.62142243e-02  1.50338087e-03 -1.90871478e-02  1.13570446e-03 -4.28462614e-04  2.12604590e-04  1.96074450e-03 -4.07518086e-03  2.43860368e-03 -3.37106029e-03  2.11387458e-03  3.14524095e-04  1.27855038e-03 -5.68612321e-05 -1.93957974e-03 -5.72563570e-03 -1.03046091e-03 -3.86015941e-03 -9.70468723e-04
 1.25971940e+01 -3.52559964e-02  1.43998979e-03 -1.85864735e-02  1.19189276e-03 -3.45850237e-04  2.31073466e-04  1.96993185e-03 -4.09214700e-03  2.44476009e-03 -3.35234704e-03  2.12230589e-03  3.45588445e-04  1.25223999e-03 -4.32332847e-05 -1.94540700e-03 -5.74156523e-03 -1.03371550e-03 -3.84521155e-03 -9.47905820e-04
 1.26492990e+01 -3.43276717e-02  1.37837335e-03 -1.81024357e-02  1.24425013e-03 -2.66977278e-04  2.49584676e-04  1.97829623e-03 -4.10975784e-03  2.45072775e-03 -3.33386151e-03  2.13139814e-03  3.75843892e-04  1.22469347e-03 -2.93248601e-05 -1.94964182e-03 -5.75786921e-03 -1.03794493e-03 -3.83006109e-03 -9.24172189e-04
 1.27014030e+01 -3.34283881e-02  1.31835621e-03 -1.76343882e-02  1.29282618e-03 -1.91744750e-04  2.68209521e-04  1.98597214e-03 -4.12783915e-03  2.45645858e-03 -3.31575536e-03  2.14106213e-03  4.05059840e-04  1.19607198e-03 -1.51092652e-05 -1.95227292e-03 -5.77441367e-03 -1.04315540e-03 -3.81482868e-03 -8.99319282e-04
 1.27535070e+01 -3.25572567e-02  1.25977498e-03 -1.71816921e-02  1.33768375e-03 -1.20045087e-04  2.87009196e-04  1.99308530e-03 -4.14621363e-03  2.46190490e-03 -3.29816845e-03  2.15120970e-03  4.33023607e-04  1.16654330e-03 -5.62045715e-07 -1.95330396e-03 -5.79106592e-03 -1.04934675e-03 -3.79963272e-03 -8.73402801e-04
 1.28056110e+01 -3.17134313e-02  1.20248390e-03 -1.67437512e-02  1.37889552e-03 -5.17676560e-05  3.06033808e-04  1.99975134e-03 -4.16470095e-03  2.46701947e-03 -3.28122950e-03  2.16175346e-03  4.59539361e-04  1.13628248e-03  1.43376805e-05 -1.95275305e-03 -5.80769383e-03 -1.05651235e-03 -3.78458944e-03 -8.46483958e-04
 1.28577150e+01 -3.08960869e-02  1.14635433e-03 -1.63200005e-02  1.41654549e-03  1.32032122e-05  3.25323204e-04  2.00607549e-03 -4.18311946e-03  2.47175619e-03 -3.26505514e-03  2.17260734e-03  4.84429770e-04  1.10546989e-03  2.96072880e-05 -1.95065245e-03 -5.82416670e-03 -1.06463960e-03 -3.76981168e-03 -8.18628446e-04
 1.29098200e+01 -3.01044026e-02  1.09127401e-03 -1.59098965e-02  1.45072979e-03  7.49895830e-05  3.44907892e-04  2.01215233e-03 -4.20128807e-03  2.47607064e-03 -3.24974910e-03  2.18368718e-03  5.07537246e-04  1.07428903e-03  4.52608213e-05 -1.94704802e-03 -5.84035610e-03 -1.07371046e-03 -3.75540761e-03 -7.89905271e-04
 1.29619240e+01 -2.93376198e-02  1.03715141e-03 -1.55129469e-02  1.48155403e-03  1.33715242e-04  3.64808101e-04  2.01806526e-03 -4.21902634e-03  2.47992038e-03 -3.23540306e-03  2.19491025e-03  5.28722797e-04  1.04292739e-03  6.13077325e-05 -1.94199884e-03 -5.85613517e-03 -1.08370123e-03 -3.74148107e-03 -7.60388328e-04
 1.30140280e+01 -2.85949491e-02  9.83909108e-04 -1.51286609e-02  1.50913704e-03  1.89512613e-04  3.85036651e-04  2.02388712e-03 -4.23615810e-03  2.48326594e-03 -3.22209477e-03  2.20619690e-03  5.47869053e-04  1.01157133e-03  7.77547007e-05 -1.93557600e-03 -5.87138104e-03 -1.09458416e-03 -3.72812908e-03 -7.30152436e-04
 1.30661320e+01 -2.78756301e-02  9.31487701e-04 -1.47565796e-02  1.53360763e-03  2.42517567e-04  4.05598092e-04  2.02967994e-03 -4.25251165e-03  2.48607105e-03 -3.20988912e-03  2.21746996e-03  5.64878591e-04  9.80406817e-04  9.46045230e-05 -1.92786190e-03 -5.88597405e-03 -1.10632736e-03 -3.71544230e-03 -6.99274854e-04
 1.31182360e+01 -2.71789150e-02  8.79844016e-04 -1.43962666e-02  1.55510467e-03  2.92870085e-04  4.26489745e-04  2.03549536e-03 -4.26792154e-03  2.48830319e-03 -3.19883800e-03  2.22865535e-03  5.79674320e-04  9.49617345e-04  1.11856558e-04 -1.91894917e-03 -5.89979864e-03 -1.11889554e-03 -3.70350414e-03 -6.67834059e-04
 1.31703410e+01 -2.65040543e-02  8.28949319e-04 -1.40472992e-02  1.57377659e-03  3.40714427e-04  4.47702786e-04  2.04137515e-03 -4.28223039e-03  2.48993416e-03 -3.18898033e-03  2.23968253e-03  5.92199422e-04  9.19381800e-04  1.29507273e-04 -1.90893928e-03 -5.91274401e-03 -1.13225097e-03 -3.69239006e-03 -6.35908454e-04
 1.32224450e+01 -2.58503485e-02  7.78792164e-04 -1.37092944e-02  1.58977903e-03  3.86194649e-04  4.69221293e-04  2.04735133e-03 -4.29528917e-03  2.49094032e-03 -3.18034313e-03  2.25048392e-03  6.02415964e-04  8.89875313e-04  1.47549128e-04 -1.89794219e-03 -5.92470373e-03 -1.14635309e-03 -3.68216798e-03 -6.03578164e-04
 1.32745490e+01 -2.52170690e-02  7.29371359e-04 -1.33818667e-02  1.60327588e-03  4.29459133e-04  4.91025374e-04  2.05344748e-03 -4.30696023e-03  2.49130328e-03 -3.17294081e-03  2.26099643e-03  6.10305705e-04  8.61264366e-04  1.65972908e-04 -1.88607382e-03 -5.93557760e-03 -1.16116071e-03 -3.67289670e-03 -5.70920703e-04
 1.33266530e+01 -2.46035114e-02  6.80698588e-04 -1.30646544e-02  1.61443666e-03  4.70655794e-04  5.13090216e-04  2.05967904e-03 -4.31711743e-03  2.49101002e-03 -3.16677653e-03  2.27116085e-03  6.15868295e-04  8.33707801e-04  1.84766689e-04 -1.87345555e-03 -5.94527115e-03 -1.17663166e-03 -3.66462652e-03 -5.38012791e-04
 1.33787580e+01 -2.40089701e-02  6.32795113e-04 -1.27573059e-02  1.62343578e-03  5.09932620e-04  5.35387574e-04  2.06605428e-03 -4.32564768e-03  2.49005322e-03 -3.16184245e-03  2.28092236e-03  6.19120644e-04  8.07354502e-04  2.03916895e-04 -1.86021236e-03 -5.95369646e-03 -1.19272397e-03 -3.65739876e-03 -5.04928513e-04
 1.34308620e+01 -2.34327848e-02  5.85693978e-04 -1.24595021e-02  1.63045059e-03  5.47433509e-04  5.57884696e-04  2.07257471e-03 -4.33245131e-03  2.48843158e-03 -3.15812083e-03  2.29023003e-03  6.20095674e-04  7.82344273e-04  2.23407172e-04 -1.84647257e-03 -5.96077190e-03 -1.20939530e-03 -3.65124625e-03 -4.71741296e-04
 1.34829660e+01 -2.28742721e-02  5.39432986e-04 -1.21709203e-02  1.63566109e-03  5.83301589e-04  5.80547493e-04  2.07923666e-03 -4.33744399e-03  2.48614982e-03 -3.15558412e-03  2.29903803e-03  6.18841542e-04  7.58803780e-04  2.43220957e-04 -1.83236491e-03 -5.96642349e-03 -1.22660527e-03 -3.64619253e-03 -4.38519574e-04
 1.35350700e+01 -2.23327724e-02  4.94056874e-04 -1.18912571e-02  1.63924788e-03  6.17674977e-04  6.03339411e-04  2.08603162e-03 -4.34055668e-03  2.48321886e-03 -3.15419619e-03  2.30730498e-03  6.15420128e-04  7.36847714e-04  2.63340366e-04 -1.81801826e-03 -5.97058452e-03 -1.24431487e-03 -3.64225254e-03 -4.05328845e-04
 1.35871740e+01 -2.18076389e-02  4.49614873e-04 -1.16202220e-02  1.64139105e-03  6.50686391e-04  6.26222392e-04  2.09294733e-03 -4.34173641e-03  2.47965576e-03 -3.15391293e-03  2.31499423e-03  6.09905843e-04  7.16577520e-04  2.83746898e-04 -1.80356009e-03 -5.97319607e-03 -1.26248718e-03 -3.63943265e-03 -3.72230609e-04
 1.36392790e+01 -2.12982291e-02  4.06158407e-04 -1.13575320e-02  1.64226891e-03  6.82462640e-04  6.49157814e-04  2.09996867e-03 -4.34094659e-03  2.47548362e-03 -3.15468313e-03  2.32207398e-03  6.02384142e-04  6.98080435e-04  3.04422152e-04 -1.78911502e-03 -5.97420717e-03 -1.28108816e-03 -3.63773092e-03 -3.39281355e-04
 1.36913830e+01 -2.08039444e-02  3.63742984e-04 -1.11029305e-02  1.64205670e-03  7.13121187e-04  6.72105183e-04  2.10707803e-03 -4.33816738e-03  2.47073170e-03 -3.15644917e-03  2.32851679e-03  5.92950809e-04  6.81430404e-04  3.25346530e-04 -1.77480472e-03 -5.97357501e-03 -1.30008559e-03 -3.63713753e-03 -3.06534761e-04
 1.37434870e+01 -2.03241725e-02  3.22421835e-04 -1.08561577e-02  1.64092560e-03  7.42772863e-04  6.95025183e-04  2.11425684e-03 -4.33339562e-03  2.46543475e-03 -3.15914791e-03  2.33430032e-03  5.81709747e-04  6.66685605e-04  3.46501872e-04 -1.76074528e-03 -5.97126520e-03 -1.31945150e-03 -3.63763498e-03 -2.74037625e-04
 1.37955910e+01 -1.98583279e-02  2.82248002e-04 -1.06169697e-02  1.63904153e-03  7.71518580e-04  7.17878286e-04  2.12148579e-03 -4.32664473e-03  2.45963299e-03 -3.16271145e-03  2.33940676e-03  5.68772187e-04  6.53889719e-04  3.67870100e-04 -1.74704729e-03 -5.96725173e-03 -1.33916100e-03 -3.63919863e-03 -2.41832182e-04
 1.38476950e+01 -1.94058428e-02  2.43272331e-04 -1.03851335e-02  1.63656423e-03  7.99449253e-04  7.40625507e-04  2.12874563e-03 -4.31794443e-03  2.45337173e-03 -3.16706783e-03  2.34382283e-03  5.54255271e-04  6.43071500e-04  3.89433792e-04 -1.73381471e-03 -5.96151709e-03 -1.35919276e-03 -3.64179722e-03 -2.09955311e-04
 1.38998000e+01 -1.89661601e-02  2.05541698e-04 -1.01604222e-02  1.63364633e-03  8.26645739e-04  7.63229116e-04  2.13601792e-03 -4.30734009e-03  2.44670075e-03 -3.17214193e-03  2.34753973e-03  5.38280467e-04  6.34244713e-04  4.11176752e-04 -1.72114394e-03 -5.95405208e-03 -1.37952954e-03 -3.64539338e-03 -1.78437826e-04
 1.39519040e+01 -1.85387671e-02  1.69100951e-04 -9.94263219e-03  1.63043283e-03  8.53176329e-04  7.85651133e-04  2.14328497e-03 -4.29489299e-03  2.43967436e-03 -3.17785569e-03  2.35055273e-03  5.20973616e-04  6.27408985e-04  4.33082431e-04 -1.70912404e-03 -5.94485639e-03 -1.40015660e-03 -3.64994397e-03 -1.47306835e-04
 1.40040080e+01 -1.81231467e-02  1.33987752e-04 -9.73155680e-03  1.62706008e-03  8.79099588e-04  8.07856134e-04  2.15053117e-03 -4.28067835e-03  2.43235012e-03 -3.18412940e-03  2.35286141e-03  5.02461942e-04  6.22549129e-04  4.55136504e-04 -1.69783485e-03 -5.93393762e-03 -1.42106409e-03 -3.65540099e-03 -1.16582112e-04
 1.40561120e+01 -1.77188112e-02  1.00234816e-04 -9.52700340e-03  1.62365552e-03  9.04462104e-04  8.29809661e-04  2.15774277e-03 -4.26478529e-03  2.42478876e-03 -3.19088190e-03  2.35446914e-03  4.82874172e-04  6.19636308e-04  4.77325226e-04 -1.68734749e-03 -5.92131170e-03 -1.44224534e-03 -3.66171199e-03 -8.62785719e-05
 1.41082160e+01 -1.73252950e-02  6.78686214e-05 -9.32878884e-03  1.62033720e-03  9.29299017e-04  8.51478782e-04  2.16490839e-03 -4.24731568e-03  2.41705343e-03 -3.19803130e-03  2.35538295e-03  4.62339240e-04  6.18628415e-04  4.99635840e-04 -1.67772381e-03 -5.90700254e-03 -1.46369714e-03 -3.66882069e-03 -5.64057583e-05
 1.41603210e+01 -1.69421474e-02  3.69084106e-05 -9.13673551e-03  1.61721336e-03  9.53634607e-04  8.72832591e-04  2.17201931e-03 -4.22838268e-03  2.40920896e-03 -3.20549557e-03  2.35561332e-03  4.40984939e-04  6.19470751e-04  5.22056974e-04 -1.66901609e-03 -5.89104149e-03 -1.48541997e-03 -3.67666773e-03 -2.69674226e-05
 1.42124250e+01 -1.65689628e-02  7.36823496e-06 -8.95068565e-03  1.61438256e-03  9.77480705e-04  8.93840640e-04  2.17906915e-03 -4.20811112e-03  2.40132181e-03 -3.21319254e-03  2.35517386e-03  4.18938731e-04  6.22096674e-04  5.44576848e-04 -1.66126758e-03 -5.87346834e-03 -1.50741609e-03 -3.68519072e-03  2.03604412e-06
 1.42645290e+01 -1.62053361e-02 -2.07467874e-05 -8.77047889e-03  1.61193314e-03  1.00083988e-03  9.14475441e-04  2.18605476e-03 -4.18663410e-03  2.39345851e-03 -3.22104117e-03  2.35408113e-03  3.96324521e-04  6.26428504e-04  5.67185779e-04 -1.65451148e-03 -5.85432911e-03 -1.52969179e-03 -3.69432569e-03  3.06107842e-05
 1.43166330e+01 -1.58508930e-02 -4.74381334e-05 -8.59596681e-03  1.60994355e-03  1.02370407e-03  9.34710846e-04  2.19297569e-03 -4.16409316e-03  2.38568562e-03 -3.22896140e-03  2.35235434e-03  3.73263603e-04  6.32378372e-04  5.89874350e-04 -1.64877179e-03 -5.83367694e-03 -1.55225542e-03 -3.70400712e-03  5.87669549e-05
 1.43687370e+01 -1.55052822e-02 -7.27144436e-05 -8.42700876e-03  1.60848230e-03  1.04605566e-03  9.54522475e-04  2.19983435e-03 -4.14063667e-03  2.37806896e-03 -3.23687468e-03  2.35001505e-03  3.49873656e-04  6.39849141e-04  6.12633734e-04 -1.64406333e-03 -5.81157140e-03 -1.57511750e-03 -3.71416864e-03  8.65190188e-05
 1.44208420e+01 -1.51681690e-02 -9.65918296e-05 -8.26346835e-03  1.60760823e-03  1.06786859e-03  9.73888082e-04  2.20663604e-03 -4.11641807e-03  2.37067284e-03 -3.24470448e-03  2.34708688e-03  3.26267769e-04  6.48735556e-04  6.35456010e-04 -1.64039192e-03 -5.78807761e-03 -1.59829085e-03 -3.72474379e-03  1.13885961e-04
 1.44729460e+01 -1.48392607e-02 -1.19091844e-04 -8.10522550e-03  1.60737070e-03  1.08910747e-03  9.92786072e-04  2.21338833e-03 -4.09159641e-03  2.36356005e-03 -3.25237599e-03  2.34359548e-03  3.02555815e-04  6.58924522e-04  6.58332290e-04 -1.63775502e-03 -5.76326765e-03 -1.62178842e-03 -3.73566572e-03  1.40888872e-04
 1.45250500e+01 -1.45182673e-02 -1.40243929e-04 -7.95215712e-03  1.60780992e-03  1.10973095e-03  1.01119773e-03  2.22010165e-03 -4.06633229e-03  2.35679047e-03 -3.25981732e-03  2.33956791e-03  2.78841356e-04  6.70297142e-04  6.81255234e-04 -1.63614171e-03 -5.73721738e-03 -1.64562570e-03 -3.74686891e-03  1.67553753e-04
 1.45771540e+01 -1.42049268e-02 -1.60083182e-04 -7.80414926e-03  1.60895731e-03  1.12969093e-03  1.02910570e-03  2.22678867e-03 -4.04078843e-03  2.35042111e-03 -3.26695919e-03  2.33503261e-03  2.55223154e-04  6.82729074e-04  7.04217182e-04 -1.63553351e-03 -5.71000774e-03 -1.66981851e-03 -3.75828883e-03  1.93909056e-04
 1.46292590e+01 -1.38989926e-02 -1.78650751e-04 -7.66109069e-03  1.61083602e-03  1.14893428e-03  1.04649472e-03  2.23346429e-03 -4.01512752e-03  2.34450541e-03 -3.27373542e-03  2.33001904e-03  2.31794025e-04  6.96091960e-04  7.27210946e-04 -1.63590475e-03 -5.68172328e-03 -1.69438368e-03 -3.76986280e-03  2.19986343e-04
 1.46813630e+01 -1.36002558e-02 -1.95991955e-04 -7.52288331e-03  1.61346118e-03  1.16740235e-03  1.06335027e-03  2.24014489e-03 -3.98951296e-03  2.33909323e-03 -3.28008267e-03  2.32455779e-03  2.08642461e-04  7.10253389e-04  7.50227951e-04 -1.63722317e-03 -5.65245385e-03 -1.71933677e-03 -3.78152948e-03  2.45817919e-04
 1.47334670e+01 -1.33085088e-02 -2.12157908e-04 -7.38942506e-03  1.61684065e-03  1.18503416e-03  1.07966059e-03  2.24684895e-03 -3.96410481e-03  2.33422989e-03 -3.28594147e-03  2.31867984e-03  1.85849793e-04  7.25079416e-04  7.73260826e-04 -1.63945049e-03 -5.62229080e-03 -1.74469465e-03 -3.79323056e-03  2.71439461e-04
 1.47855710e+01 -1.30235685e-02 -2.27203529e-04 -7.26062050e-03  1.62097537e-03  1.20176592e-03  1.09541535e-03  2.25359618e-03 -3.93906066e-03  2.32995623e-03 -3.29125581e-03  2.31241671e-03  1.63491921e-04  7.40434507e-04  7.96301584e-04 -1.64254301e-03 -5.59132865e-03 -1.77047330e-03 -3.80491024e-03  2.96887638e-04
 1.48376750e+01 -1.27452688e-02 -2.41187350e-04 -7.13637743e-03  1.62585996e-03  1.21753238e-03  1.11060604e-03  2.26040751e-03 -3.91453414e-03  2.32630829e-03 -3.29597354e-03  2.30580020e-03  1.41638815e-04  7.56182708e-04  8.19342044e-04 -1.64645230e-03 -5.55966402e-03 -1.79668807e-03 -3.81651571e-03  3.22200244e-04
 1.48897800e+01 -1.24734548e-02 -2.54171180e-04 -7.01660407e-03  1.63148336e-03  1.23226807e-03  1.12522624e-03  2.26730491e-03 -3.89067352e-03  2.32331708e-03 -3.30004659e-03  2.29886207e-03  1.20354114e-04  7.72188843e-04  8.42374262e-04 -1.65112586e-03 -5.52739450e-03 -1.82335391e-03 -3.82799759e-03  3.47416319e-04
 1.49418840e+01 -1.22080018e-02 -2.66218549e-04 -6.90121763e-03  1.63782892e-03  1.24590712e-03  1.13927059e-03  2.27431063e-03 -3.86762269e-03  2.32100861e-03 -3.30343084e-03  2.29163442e-03  9.96967773e-05  7.88318117e-04  8.65388781e-04 -1.65650742e-03 -5.49462058e-03 -1.85048317e-03 -3.83930934e-03  3.72573862e-04
 1.49939880e+01 -1.19487832e-02 -2.77395625e-04 -6.79013002e-03  1.64487563e-03  1.25838588e-03  1.15273654e-03  2.28144780e-03 -3.84551759e-03  2.31940349e-03 -3.30608673e-03  2.28414879e-03  7.97186819e-05  8.04438766e-04  8.88377317e-04 -1.66253814e-03 -5.46144148e-03 -1.87808845e-03 -3.85040870e-03  3.97712391e-04
 1.50460920e+01 -1.16956899e-02 -2.87769631e-04 -6.68325656e-03  1.65259822e-03  1.26964264e-03  1.16562324e-03  2.28873965e-03 -3.82448736e-03  2.31851715e-03 -3.30797912e-03  2.27643652e-03  6.04663469e-05  8.20421575e-04  9.11331051e-04 -1.66915684e-03 -5.42795705e-03 -1.90618043e-03 -3.86125700e-03  4.22870676e-04
 1.50981960e+01 -1.14486243e-02 -2.97408543e-04 -6.58051319e-03  1.66096777e-03  1.27961873e-03  1.17793196e-03  2.29620944e-03 -3.80465321e-03  2.31835977e-03 -3.30907749e-03  2.26852853e-03  4.19806100e-05  8.36140887e-04  9.34241136e-04 -1.67630077e-03 -5.39426671e-03 -1.93476825e-03 -3.87181947e-03  4.48086913e-04
 1.51503010e+01 -1.12074937e-02 -3.06380721e-04 -6.48181416e-03  1.66995244e-03  1.28825944e-03  1.18966634e-03  2.30388045e-03 -3.78612756e-03  2.31893639e-03 -3.30935609e-03  2.26045509e-03  2.42963996e-05  8.51475539e-04  9.57099235e-04 -1.68390632e-03 -5.36046826e-03 -1.96386002e-03 -3.88206555e-03  4.73398913e-04
 1.52024050e+01 -1.09722280e-02 -3.14753714e-04 -6.38707905e-03  1.67951726e-03  1.29551413e-03  1.20083163e-03  2.31177519e-03 -3.76901488e-03  2.32024694e-03 -3.30879401e-03  2.25224631e-03  7.44419055e-06  8.66308289e-04  9.79895865e-04 -1.69190903e-03 -5.32666007e-03 -1.99346045e-03 -3.89196815e-03  4.98841878e-04
 1.52545090e+01 -1.07427504e-02 -3.22594792e-04 -6.29622112e-03  1.68962562e-03  1.30133783e-03  1.21143614e-03  2.31991613e-03 -3.75340917e-03  2.32228646e-03 -3.30737539e-03  2.24393117e-03 -8.55191632e-06  8.80528133e-04  1.00262315e-03 -1.70024504e-03 -5.29293666e-03 -2.02357418e-03 -3.90150488e-03  5.24451057e-04
 1.53066130e+01 -1.05189949e-02 -3.29969786e-04 -6.20915453e-03  1.70023904e-03  1.30569118e-03  1.22149040e-03  2.32832500e-03 -3.73939504e-03  2.32504527e-03 -3.30508941e-03  2.23553808e-03 -2.36727001e-05  8.94029605e-04  1.02527317e-03 -1.70885106e-03 -5.25939090e-03 -2.05420356e-03 -3.91065725e-03  5.50259563e-04
 1.53587170e+01 -1.03009006e-02 -3.36942823e-04 -6.12579217e-03  1.71131782e-03  1.30854111e-03  1.23100753e-03  2.33702279e-03 -3.72704706e-03  2.32850919e-03 -3.30193047e-03  2.22709464e-03 -3.79040481e-05  9.06713525e-04  1.04783859e-03 -1.71766502e-03 -5.22611290e-03 -2.08534919e-03 -3.91941089e-03  5.76298644e-04
 1.54108220e+01 -1.00884059e-02 -3.43576043e-04 -6.04604388e-03  1.72282160e-03  1.30986133e-03  1.24000345e-03  2.34602987e-03 -3.71642929e-03  2.33265985e-03 -3.29789811e-03  2.21862746e-03 -5.12370868e-05  9.18487602e-04  1.07031314e-03 -1.72662674e-03 -5.19318902e-03 -2.11701053e-03 -3.92775568e-03  6.02597989e-04
 1.54629260e+01 -9.88146437e-03 -3.49928720e-04 -5.96982232e-03  1.73470892e-03  1.30963263e-03  1.24849637e-03  2.35536519e-03 -3.70759594e-03  2.33747464e-03 -3.29299743e-03  2.21016276e-03 -6.36670636e-05  9.29265899e-04  1.09269011e-03 -1.73567769e-03 -5.16070394e-03 -2.14918355e-03 -3.93568505e-03  6.29183526e-04
 1.55150300e+01 -9.68001887e-03 -3.56057680e-04 -5.89703367e-03  1.74693881e-03  1.30784339e-03  1.25650789e-03  2.36504725e-03 -3.70058999e-03  2.34292749e-03 -3.28723867e-03  2.20172534e-03 -7.51947776e-05  9.38970484e-04  1.11496502e-03 -1.74476250e-03 -5.12873657e-03 -2.18186437e-03 -3.94319689e-03  6.56080298e-04
 1.55671340e+01 -9.48401702e-03 -3.62016478e-04 -5.82758365e-03  1.75947034e-03  1.30448968e-03  1.26406235e-03  2.37509338e-03 -3.69544394e-03  2.34898882e-03 -3.28063752e-03  2.19333924e-03 -8.58254396e-05  9.47530766e-04  1.13713405e-03 -1.75382861e-03 -5.09736218e-03 -2.21504695e-03 -3.95029285e-03  6.83310310e-04
 1.56192380e+01 -9.29340622e-03 -3.67855245e-04 -5.76137601e-03  1.77226304e-03  1.29957553e-03  1.27118718e-03  2.38551990e-03 -3.69217960e-03  2.35562598e-03 -3.27321509e-03  2.18502749e-03 -9.55688471e-05  9.54883937e-04  1.15919460e-03 -1.76282689e-03 -5.06665149e-03 -2.24872376e-03 -3.95697840e-03  7.10892915e-04
 1.56713430e+01 -9.10812933e-03 -3.73620562e-04 -5.69831125e-03  1.78527747e-03  1.29311289e-03  1.27791299e-03  2.39634229e-03 -3.69080805e-03  2.36280365e-03 -3.26499770e-03  2.17681198e-03 -1.04439463e-04  9.60975253e-04  1.18114581e-03 -1.77171209e-03 -5.03666977e-03 -2.28288649e-03 -3.96326287e-03  7.38845260e-04
 1.57234470e+01 -8.92813804e-03 -3.79354800e-04 -5.63829156e-03  1.79847445e-03  1.28512228e-03  1.28427321e-03  2.40757440e-03 -3.69132979e-03  2.37048368e-03 -3.25601754e-03  2.16871404e-03 -1.12455681e-04  9.65757720e-04  1.20298701e-03 -1.78044250e-03 -5.00747889e-03 -2.31752359e-03 -3.96915888e-03  7.67180049e-04
 1.57755510e+01 -8.75337090e-03 -3.85096609e-04 -5.58121356e-03  1.81181677e-03  1.27563201e-03  1.29030486e-03  2.41922965e-03 -3.69373461e-03  2.37862617e-03 -3.24631165e-03  2.16075347e-03 -1.19640774e-04  9.69192896e-04  1.22472031e-03 -1.78898126e-03 -4.97913359e-03 -2.35262422e-03 -3.97468294e-03  7.95908705e-04
 1.58276550e+01 -8.58376705e-03 -3.90880331e-04 -5.52697344e-03  1.82526836e-03  1.26467864e-03  1.29604807e-03  2.43132029e-03 -3.69800191e-03  2.38718927e-03 -3.23592248e-03  2.15294915e-03 -1.26022146e-04  9.71250466e-04  1.24634902e-03 -1.79729588e-03 -4.95168355e-03 -2.38817579e-03 -3.97985486e-03  8.25039180e-04
 1.58797600e+01 -8.41925898e-03 -3.96736106e-04 -5.47546486e-03  1.83879497e-03  1.25230654e-03  1.30154635e-03  2.44385786e-03 -3.70410088e-03  2.39612984e-03 -3.22489745e-03  2.14531873e-03 -1.31631554e-04  9.71908400e-04  1.26787854e-03 -1.80535885e-03 -4.92517218e-03 -2.42416543e-03 -3.98469784e-03  8.54577025e-04
 1.59318640e+01 -8.25978471e-03 -4.02689344e-04 -5.42658315e-03  1.85236325e-03  1.23856868e-03  1.30684614e-03  2.45685227e-03 -3.71199017e-03  2.40540303e-03 -3.21328969e-03  2.13787917e-03 -1.36504648e-04  9.71152935e-04  1.28931475e-03 -1.81314711e-03 -4.89963839e-03 -2.46057727e-03 -3.98923798e-03  8.84523102e-04
 1.59839680e+01 -8.10526844e-03 -4.08761346e-04 -5.38021956e-03  1.86594241e-03  1.22352507e-03  1.31199747e-03  2.47031330e-03 -3.72161884e-03  2.41496364e-03 -3.20115661e-03  2.13064584e-03 -1.40681569e-04  9.68978635e-04  1.31066653e-03 -1.82064325e-03 -4.87511342e-03 -2.49739675e-03 -3.99350475e-03  9.14876968e-04
 1.60360720e+01 -7.95563309e-03 -4.14968837e-04 -5.33626563e-03  1.87950326e-03  1.20724341e-03  1.31705344e-03  2.48424972e-03 -3.73292607e-03  2.42476571e-03 -3.18856065e-03  2.12363311e-03 -1.44206471e-04  9.65388264e-04  1.33194414e-03 -1.82783489e-03 -4.85162278e-03 -2.53460795e-03 -3.99753042e-03  9.45634617e-04
 1.60881760e+01 -7.81079681e-03 -4.21324082e-04 -5.29461243e-03  1.89301850e-03  1.18979864e-03  1.32207030e-03  2.49866955e-03 -3.74584156e-03  2.43476303e-03 -3.17556883e-03  2.11685414e-03 -1.47127592e-04  9.60392747e-04  1.35315956e-03 -1.83471498e-03 -4.82918560e-03 -2.57219443e-03 -4.00135008e-03  9.76789056e-04
 1.61402810e+01 -7.67067031e-03 -4.27835057e-04 -5.25515019e-03  1.90646302e-03  1.17127224e-03  1.32710747e-03  2.51358047e-03 -3.76028604e-03  2.44490955e-03 -3.16225235e-03  2.11032079e-03 -1.49497253e-04  9.54010953e-04  1.37432696e-03 -1.84128199e-03 -4.80781417e-03 -2.61014000e-03 -4.00500153e-03  1.00833092e-03
 1.61923850e+01 -7.53516740e-03 -4.34505005e-04 -5.21777161e-03  1.91981284e-03  1.15175337e-03  1.33222706e-03  2.52898867e-03 -3.77617043e-03  2.45515892e-03 -3.14868735e-03  2.10404405e-03 -1.51371649e-04  9.46270107e-04  1.39546096e-03 -1.84753939e-03 -4.78751551e-03 -2.64842602e-03 -4.00852490e-03  1.04024605e-03
 1.62444890e+01 -7.40418890e-03 -4.41333282e-04 -5.18236768e-03  1.93304663e-03  1.13133632e-03  1.33749426e-03  2.54490072e-03 -3.79339782e-03  2.46546589e-03 -3.13495317e-03  2.09803328e-03 -1.52811073e-04  9.37204938e-04  1.41657903e-03 -1.85349644e-03 -4.76828884e-03 -2.68703580e-03 -4.01196290e-03  1.07251918e-03
 1.62965930e+01 -7.27763354e-03 -4.48314978e-04 -5.14883114e-03  1.94614463e-03  1.11012161e-03  1.34297691e-03  2.56132242e-03 -3.81186266e-03  2.47578579e-03 -3.12113309e-03  2.09229671e-03 -1.53879665e-04  9.26858015e-04  1.43769979e-03 -1.85916758e-03 -4.75012729e-03 -2.72595185e-03 -4.01536041e-03  1.10513149e-03
 1.63486970e+01 -7.15539531e-03 -4.55441180e-04 -5.11705605e-03  1.95908880e-03  1.08821517e-03  1.34874533e-03  2.57825917e-03 -3.83145137e-03  2.48607496e-03 -3.10731376e-03  2.08684129e-03 -1.54645409e-04  9.15279502e-04  1.45884332e-03 -1.86457255e-03 -4.73301744e-03 -2.76515670e-03 -4.01876439e-03  1.13806126e-03
 1.64008020e+01 -7.03736144e-03 -4.62699287e-04 -5.08693756e-03  1.97186300e-03  1.06572749e-03  1.35487232e-03  2.59571639e-03 -3.85204311e-03  2.49629119e-03 -3.09358469e-03  2.08167256e-03 -1.55180069e-04  9.02526750e-04  1.48003143e-03 -1.86973634e-03 -4.71693902e-03 -2.80463382e-03 -4.02222380e-03  1.17128451e-03
 1.64529060e+01 -6.92342153e-03 -4.70072633e-04 -5.05837464e-03  1.98445183e-03  1.04277498e-03  1.36143240e-03  2.61369821e-03 -3.87350852e-03  2.50639312e-03 -3.08003893e-03  2.07679505e-03 -1.55559067e-04  8.88665150e-04  1.50128589e-03 -1.87468869e-03 -4.70186624e-03 -2.84436467e-03 -4.02578916e-03  1.20477243e-03
 1.65050100e+01 -6.81345420e-03 -4.77541542e-04 -5.03126688e-03  1.99684196e-03  1.01947686e-03  1.36850234e-03  2.63220949e-03 -3.89571243e-03  2.51634167e-03 -3.06677113e-03  2.07221167e-03 -1.55861451e-04  8.73766508e-04  1.52263074e-03 -1.87946447e-03 -4.68776593e-03 -2.88433338e-03 -4.02951279e-03  1.23849525e-03
 1.65571140e+01 -6.70733649e-03 -4.85083001e-04 -5.00551718e-03  2.00902099e-03  9.95956474e-04  1.37616038e-03  2.65125459e-03 -3.91851276e-03  2.52609945e-03 -3.05387826e-03  2.06792410e-03 -1.56169741e-04  8.57909837e-04  1.54409051e-03 -1.88410313e-03 -4.67459890e-03 -2.92452386e-03 -4.03344837e-03  1.27241963e-03
 1.66092180e+01 -6.60494184e-03 -4.92671057e-04 -4.98103155e-03  2.02097747e-03  9.72340390e-04  1.38448608e-03  2.67083766e-03 -3.94176123e-03  2.53563116e-03 -3.04145892e-03  2.06393266e-03 -1.56569816e-04  8.41180973e-04  1.56569037e-03 -1.88864857e-03 -4.66231966e-03 -2.96492068e-03 -4.03765082e-03  1.30650931e-03
 1.66613230e+01 -6.50613852e-03 -5.00277226e-04 -4.95771888e-03  2.03270087e-03  9.48757492e-04  1.39356018e-03  2.69096309e-03 -3.96530425e-03  2.54490394e-03 -3.02961274e-03  2.06023628e-03 -1.57150789e-04  8.23672068e-04  1.58745645e-03 -1.89314891e-03 -4.65087633e-03 -3.00550999e-03 -4.04217622e-03  1.34072570e-03
 1.67134270e+01 -6.41079745e-03 -5.07870205e-04 -4.93549307e-03  2.04418051e-03  9.25340335e-04  1.40346357e-03  2.71163394e-03 -3.98898154e-03  2.55388688e-03 -3.01844083e-03  2.05683274e-03 -1.58004798e-04  8.05482802e-04  1.60941387e-03 -1.89765594e-03 -4.64021158e-03 -3.04627654e-03 -4.04708124e-03  1.37502525e-03
 1.67655310e+01 -6.31878116e-03 -5.15417048e-04 -4.91427061e-03  2.05540655e-03  9.02221968e-04  1.41427794e-03  2.73285424e-03 -4.01262924e-03  2.56255226e-03 -3.00804398e-03  2.05371829e-03 -1.59226898e-04  7.86718209e-04  1.63158905e-03 -1.90222527e-03 -4.63026143e-03 -3.08720852e-03 -4.05242346e-03  1.40936329e-03
 1.68176350e+01 -6.22995177e-03 -5.22882901e-04 -4.89397260e-03  2.06636887e-03  8.79537293e-04  1.42608474e-03  2.75462743e-03 -4.03607858e-03  2.57087505e-03 -2.99852312e-03  2.05088788e-03 -1.60914829e-04  7.67489869e-04  1.65400783e-03 -1.90691562e-03 -4.62095622e-03 -3.12829460e-03 -4.05826079e-03  1.44369130e-03
 1.68697390e+01 -6.14416935e-03 -5.30231479e-04 -4.87452457e-03  2.07705692e-03  8.57422169e-04  1.43896495e-03  2.77695671e-03 -4.05915674e-03  2.57883323e-03 -2.98997860e-03  2.04833517e-03 -1.63168813e-04  7.47915444e-04  1.67669560e-03 -1.91178861e-03 -4.61222048e-03 -3.16952486e-03 -4.06465139e-03  1.47795755e-03
 1.69218440e+01 -6.06129076e-03 -5.37425548e-04 -4.85585633e-03  2.08745960e-03  8.36012555e-04  1.45299889e-03  2.79984541e-03 -4.08168779e-03  2.58640816e-03 -2.98250962e-03  2.04605245e-03 -1.66091388e-04  7.28118171e-04  1.69967749e-03 -1.91690836e-03 -4.60397290e-03 -3.21089176e-03 -4.07165349e-03  1.51210755e-03
 1.69739480e+01 -5.98117621e-03 -5.44426722e-04 -4.83790362e-03  2.09756413e-03  8.15445704e-04  1.46826471e-03  2.82329516e-03 -4.10349137e-03  2.59358419e-03 -2.97621420e-03  2.04403085e-03 -1.69786930e-04  7.08228270e-04  1.72297635e-03 -1.92234075e-03 -4.59612701e-03 -3.25238719e-03 -4.07932463e-03  1.54608136e-03
 1.70260520e+01 -5.90368008e-03 -5.51196664e-04 -4.82060612e-03  2.10735682e-03  7.95857251e-04  1.48483946e-03  2.84730837e-03 -4.12438582e-03  2.60034972e-03 -2.97118787e-03  2.04226007e-03 -1.74361723e-04  6.88380559e-04  1.74661511e-03 -1.92815350e-03 -4.58859033e-03 -3.29400736e-03 -4.08772218e-03  1.57981733e-03
 1.70781560e+01 -5.82865764e-03 -5.57696890e-04 -4.80390917e-03  2.11682189e-03  7.77382432e-04  1.50279760e-03  2.87188643e-03 -4.14418690e-03  2.60669679e-03 -2.96752372e-03  2.04072864e-03 -1.79923479e-04  6.68715878e-04  1.77061471e-03 -1.93441530e-03 -4.58126507e-03 -3.33574990e-03 -4.09690255e-03  1.61324930e-03
 1.71302610e+01 -5.75596240e-03 -5.63889405e-04 -4.78776323e-03  2.12594140e-03  7.60154908e-04  1.52221104e-03  2.89703044e-03 -4.16270907e-03  2.61262159e-03 -2.96531172e-03  2.03942379e-03 -1.86581231e-04  6.49380269e-04  1.79499472e-03 -1.94119554e-03 -4.57404785e-03 -3.37761567e-03 -4.10692118e-03  1.64630773e-03
 1.71823650e+01 -5.68545192e-03 -5.69736611e-04 -4.77212541e-03  2.13469409e-03  7.44307608e-04  1.54314709e-03  2.92273906e-03 -4.17976460e-03  2.61812422e-03 -2.96463825e-03  2.03833165e-03 -1.94444512e-04  6.30526385e-04  1.81977116e-03 -1.94856325e-03 -4.56683028e-03 -3.41960576e-03 -4.11783146e-03  1.67891686e-03
 1.72344690e+01 -5.61697979e-03 -5.75202403e-04 -4.75695782e-03  2.14305596e-03  7.29970281e-04  1.56567006e-03  2.94901126e-03 -4.19516623e-03  2.62320957e-03 -2.96558540e-03  2.03743710e-03 -2.03623806e-04  6.12311217e-04  1.84495899e-03 -1.95658728e-03 -4.55949812e-03 -3.46172656e-03 -4.12968550e-03  1.71099835e-03
 1.72865730e+01 -5.55040155e-03 -5.80252074e-04 -4.74222914e-03  2.15099902e-03  7.17270358e-04  1.58983915e-03  2.97584408e-03 -4.20872628e-03  2.62788715e-03 -2.96823054e-03  2.03672389e-03 -2.14229749e-04  5.94897550e-04  1.87056988e-03 -1.96533520e-03 -4.55193176e-03 -3.50398688e-03 -4.14253304e-03  1.74246841e-03
 1.73386770e+01 -5.48557360e-03 -5.84852823e-04 -4.72791468e-03  2.15849093e-03  7.06332095e-04  1.61570812e-03  3.00323282e-03 -4.22025753e-03  2.63217146e-03 -2.97264580e-03  2.03617467e-03 -2.26372936e-04  5.78453571e-04  1.89661236e-03 -1.97487279e-03 -4.54400597e-03 -3.54639899e-03 -4.15642118e-03  1.77323813e-03
 1.73907820e+01 -5.42235236e-03 -5.88974215e-04 -4.71399657e-03  2.16549450e-03  6.97275859e-04  1.64332508e-03  3.03117127e-03 -4.22957401e-03  2.63608236e-03 -2.97889758e-03  2.03577104e-03 -2.40163884e-04  5.63152594e-04  1.92309194e-03 -1.98526357e-03 -4.53558960e-03 -3.58897978e-03 -4.17139427e-03  1.80321369e-03
 1.74428860e+01 -5.36059944e-03 -5.92588260e-04 -4.70046535e-03  2.17196655e-03  6.90218176e-04  1.67272951e-03  3.05964907e-03 -4.23649091e-03  2.63964509e-03 -2.98704558e-03  2.03549355e-03 -2.55711641e-04  5.49174225e-04  1.95000870e-03 -1.99656727e-03 -4.52654592e-03 -3.63174784e-03 -4.18749223e-03  1.83229370e-03
 1.74949900e+01 -5.30017477e-03 -5.95670272e-04 -4.68731914e-03  2.17785797e-03  6.85269994e-04  1.70395451e-03  3.08865448e-03 -4.24082630e-03  2.64289114e-03 -2.99714293e-03  2.03532179e-03 -2.73125078e-04  5.36702642e-04  1.97735992e-03 -2.00884027e-03 -4.51673137e-03 -3.67472876e-03 -4.20475170e-03  1.86037220e-03
 1.75470940e+01 -5.24094195e-03 -5.98198931e-04 -4.67456555e-03  2.18311241e-03  6.82536635e-04  1.73702375e-03  3.11817168e-03 -4.24240109e-03  2.64585834e-03 -3.00923526e-03  2.03523437e-03 -2.92511587e-04  5.25927848e-04  2.00513765e-03 -2.02213400e-03 -4.50599573e-03 -3.71795223e-03 -4.22320437e-03  1.88733588e-03
 1.75991980e+01 -5.18276752e-03 -6.00156743e-04 -4.66222259e-03  2.18766555e-03  6.82116694e-04  1.77195086e-03  3.14818053e-03 -4.24103997e-03  2.64859140e-03 -3.02336029e-03  2.03520907e-03 -3.13977078e-04  5.17045456e-04  2.03332867e-03 -2.03649423e-03 -4.49418136e-03 -3.76145336e-03 -4.24287652e-03  1.91306405e-03
 1.76513030e+01 -5.12552048e-03 -6.01530450e-04 -4.65031982e-03  2.19144419e-03  6.84101039e-04  1.80873883e-03  3.17865643e-03 -4.23657212e-03  2.65114259e-03 -3.03954769e-03  2.03522281e-03 -3.37626244e-04  5.10256685e-04  2.06191459e-03 -2.05196049e-03 -4.48112219e-03 -3.80527405e-03 -4.26378867e-03  1.93742848e-03
 1.77034070e+01 -5.06907737e-03 -6.02311311e-04 -4.63890107e-03  2.19436489e-03  6.88571350e-04  1.84737576e-03  3.20956692e-03 -4.22883256e-03  2.65357219e-03 -3.05781731e-03  2.03525175e-03 -3.63560524e-04  5.05768978e-04  2.09086903e-03 -2.06856373e-03 -4.46664382e-03 -3.84946012e-03 -4.28595307e-03  1.96029086e-03
 1.77555110e+01 -5.01331658e-03 -6.02495652e-04 -4.62802526e-03  2.19633314e-03  6.95598843e-04  1.88783741e-03  3.24087408e-03 -4.21766264e-03  2.65594955e-03 -3.07818064e-03  2.03527134e-03 -3.91880712e-04  5.03795382e-04  2.12016027e-03 -2.08632703e-03 -4.45056074e-03 -3.89406708e-03 -4.30937505e-03  1.98150470e-03
 1.78076150e+01 -4.95812372e-03 -6.02085130e-04 -4.61777009e-03  2.19724161e-03  7.05242361e-04  1.93008248e-03  3.27253071e-03 -4.20291154e-03  2.65835385e-03 -3.10063920e-03  2.03525646e-03 -4.22685133e-04  5.04555318e-04  2.14974832e-03 -2.10526312e-03 -4.43267590e-03 -3.93915747e-03 -4.33405029e-03  2.00091250e-03
 1.78597190e+01 -4.90339185e-03 -6.01087166e-04 -4.60823523e-03  2.19696860e-03  7.17546197e-04  1.97405101e-03  3.30447931e-03 -4.18443753e-03  2.66087529e-03 -3.12518448e-03  2.03518142e-03 -4.56070121e-04  5.08274674e-04  2.17958464e-03 -2.12537323e-03 -4.41277851e-03 -3.98480253e-03 -4.35996375e-03  2.01834503e-03
 1.79118240e+01 -4.84902193e-03 -5.99515310e-04 -4.59954638e-03  2.19537596e-03  7.32537759e-04  2.01966262e-03  3.33665059e-03 -4.16210915e-03  2.66361641e-03 -3.15179819e-03  2.03502016e-03 -4.92130877e-04  5.15186255e-04  2.20961164e-03 -2.14664593e-03 -4.39064136e-03 -4.03108405e-03 -4.38708856e-03  2.03362030e-03
 1.79639280e+01 -4.79492889e-03 -5.97389797e-04 -4.59186118e-03  2.19230698e-03  7.50223123e-04  2.06680982e-03  3.36895856e-03 -4.13580882e-03  2.66669353e-03 -3.18044992e-03  2.03474630e-03 -5.30958941e-04  5.25529547e-04  2.23975924e-03 -2.16905360e-03 -4.36601961e-03 -4.07809195e-03 -4.41538187e-03  2.04654076e-03
 1.80160320e+01 -4.74103775e-03 -5.94737807e-04 -4.58537461e-03  2.18758334e-03  7.70584781e-04  2.11535938e-03  3.40130127e-03 -4.10543253e-03  2.67023889e-03 -3.21110003e-03  2.03433335e-03 -5.72646796e-04  5.39551906e-04  2.26994677e-03 -2.19255281e-03 -4.33864475e-03 -4.12593086e-03 -4.44478553e-03  2.05689312e-03
 1.80681360e+01 -4.68729070e-03 -5.91594059e-04 -4.58032764e-03  2.18100186e-03  7.93575628e-04  2.16514433e-03  3.43355467e-03 -4.07089416e-03  2.67440273e-03 -3.24369755e-03  2.03375481e-03 -6.17285828e-04  5.57508596e-04  2.30007890e-03 -2.21708019e-03 -4.30822177e-03 -4.17471808e-03 -4.47522096e-03  2.06444481e-03
 1.81202400e+01 -4.63364978e-03 -5.88001311e-04 -4.57701698e-03  2.17233026e-03  8.19113101e-04  2.21595911e-03  3.46556879e-03 -4.03212837e-03  2.67935603e-03 -3.27818069e-03  2.03298442e-03 -6.64967967e-04  5.79663467e-04  2.33004377e-03 -2.24255001e-03 -4.27442326e-03 -4.22458627e-03 -4.50658586e-03  2.06894133e-03
 1.81723450e+01 -4.58010054e-03 -5.84010879e-04 -4.57580733e-03  2.16130164e-03  8.47072027e-04  2.26755358e-03  3.49716279e-03 -3.98909382e-03  2.68529378e-03 -3.31447762e-03  2.03199632e-03 -7.15788042e-04  6.06290227e-04  2.35971049e-03 -2.26885126e-03 -4.23688161e-03 -4.27568651e-03 -4.53874987e-03  2.07010264e-03
 1.82244490e+01 -4.52666224e-03 -5.79683654e-04 -4.57714685e-03  2.14760866e-03  8.77272614e-04  2.31962025e-03  3.52811570e-03 -3.94178171e-03  2.69243828e-03 -3.35250389e-03  2.03076537e-03 -7.69841701e-04  6.37671167e-04  2.38892262e-03 -2.29584156e-03 -4.19518302e-03 -4.32818681e-03 -4.57154558e-03  2.06761847e-03
 1.82765530e+01 -4.47338960e-03 -5.75090499e-04 -4.58158656e-03  2.13089344e-03  9.09470986e-04  2.37178898e-03  3.55816130e-03 -3.89021740e-03  2.70104427e-03 -3.39216686e-03  2.02926727e-03 -8.27233860e-04  6.74101285e-04  2.41749579e-03 -2.32334526e-03 -4.14885167e-03 -4.38228103e-03 -4.60476356e-03  2.06114257e-03
 1.83286570e+01 -4.42038753e-03 -5.70313615e-04 -4.58980552e-03  2.11073668e-03  9.43340438e-04  2.42360839e-03  3.58697452e-03 -3.83447230e-03  2.71140375e-03 -3.43336347e-03  2.02747888e-03 -8.88078481e-04  7.15887656e-04  2.44520724e-03 -2.35114537e-03 -4.09733736e-03 -4.43818850e-03 -4.63813795e-03  2.05028459e-03
 1.83807620e+01 -4.36782333e-03 -5.65447779e-04 -4.60264346e-03  2.08664114e-03  9.78450481e-04  2.47452855e-03  3.61415802e-03 -3.77467333e-03  2.72385244e-03 -3.47598224e-03  2.02537840e-03 -9.52505848e-04  7.63352545e-04  2.47178511e-03 -2.37897702e-03 -4.03999341e-03 -4.49616062e-03 -4.67133112e-03  2.03459929e-03
 1.84328660e+01 -4.31595017e-03 -5.60602590e-04 -4.62114243e-03  2.05801173e-03  1.01423421e-03  2.52387114e-03  3.63922094e-03 -3.71102315e-03  2.73877604e-03 -3.51990065e-03  2.02294560e-03 -1.02066467e-03  8.16831817e-04  2.49688957e-03 -2.40651575e-03 -3.97605401e-03 -4.55648172e-03 -4.70390768e-03  2.01357345e-03
 1.84849700e+01 -4.26512797e-03 -5.55904464e-04 -4.64660481e-03  2.02412247e-03  1.04995152e-03  2.57080013e-03  3.66155642e-03 -3.64381443e-03  2.75662010e-03 -3.56499075e-03  2.02016162e-03 -1.09273953e-03  8.76683203e-04  2.52009128e-03 -2.43336842e-03 -3.90459037e-03 -4.61948257e-03 -4.73530502e-03  1.98660426e-03
 1.85370740e+01 -4.21586476e-03 -5.51500554e-04 -4.68066851e-03  1.98407585e-03  1.08463025e-03  2.61426964e-03  3.68040491e-03 -3.57346362e-03  2.77789895e-03 -3.61111670e-03  2.01700886e-03 -1.16896022e-03  9.43286494e-04  2.54083368e-03 -2.45905498e-03 -3.82446379e-03 -4.68554457e-03 -4.76478320e-03  1.95297295e-03
 1.85891780e+01 -4.16886781e-03 -5.47563612e-04 -4.72540989e-03  1.93674291e-03  1.11698908e-03  2.65295841e-03  3.69480771e-03 -3.50055040e-03  2.80320748e-03 -3.65813627e-03  2.01347032e-03 -1.24962308e-03  1.01704932e-03  2.55838204e-03 -2.48298800e-03 -3.73425387e-03 -4.75511174e-03 -4.79135782e-03  1.91180620e-03
 1.86412830e+01 -4.12511533e-03 -5.44298852e-04 -4.78348418e-03  1.88067871e-03  1.14533065e-03  2.68517862e-03  3.70354317e-03 -3.42587241e-03  2.83323524e-03 -3.70590224e-03  2.00952827e-03 -1.33512090e-03  1.09841534e-03  2.57174985e-03 -2.50444510e-03 -3.63215853e-03 -4.82870637e-03 -4.81370420e-03  1.86202175e-03
 1.86933870e+01 -4.08596029e-03 -5.41953805e-04 -4.85830932e-03  1.81401086e-03  1.16739137e-03  2.70874753e-03  3.70503920e-03 -3.35052860e-03  2.86877978e-03 -3.75425899e-03  2.00516263e-03 -1.42597591e-03  1.18786661e-03  2.57959310e-03 -2.52253039e-03 -3.51586726e-03 -4.90694142e-03 -4.83002044e-03  1.80225856e-03
 1.87454910e+01 -4.05326343e-03 -5.40831206e-04 -4.95432668e-03  1.73427317e-03  1.18014223e-03  2.72081913e-03  3.69725679e-03 -3.27601684e-03  2.91076855e-03 -3.80304762e-03  2.00034733e-03 -1.52290434e-03  1.28594445e-03  2.58006527e-03 -2.53612799e-03 -3.38236511e-03 -4.99055257e-03 -4.83784173e-03  1.73076969e-03
 1.87975950e+01 -4.02958421e-03 -5.41307313e-04 -5.07733655e-03  1.63819211e-03  1.17951252e-03  2.71764918e-03  3.67753178e-03 -3.20438366e-03  2.96027818e-03 -3.85210116e-03  1.99504601e-03 -1.62688483e-03  1.39325838e-03  2.57061412e-03 -2.54383593e-03 -3.22769081e-03 -5.08042298e-03 -4.83378025e-03  1.64528832e-03
 1.88496990e+01 -4.01843070e-03 -5.43856066e-04 -5.23494760e-03  1.52139387e-03  1.16002476e-03  2.69428637e-03  3.64236681e-03 -3.13841524e-03  3.01856021e-03 -3.90124313e-03  1.98920566e-03 -1.73926084e-03  1.51050703e-03  2.54770835e-03 -2.54388275e-03 -3.04660226e-03 -5.17762345e-03 -4.81317721e-03  1.54284300e-03
