# R_Bohr c0_mEh c1_mEh c2_mEh c3_mEh c4_mEh c5_mEh c6_mEh c7_mEh c8_mEh c9_mEh c10_mEh c11_mEh c12_mEh c13_mEh c14_mEh c15_mEh c16_mEh c17_mEh c18_mEh
 4.72945900e+00  5.99718891e+01  4.67861249e+00  1.05313137e+02  1.42455486e+01  5.21302621e+01  1.42011651e+01  2.00260284e+01  8.45462766e+00  8.67932122e+00  4.48368000e+00  4.41859670e+00  2.06415433e+00  2.14752125e+00  9.99500374e-01  8.01350330e-01  4.96168634e-01  1.00382414e-02  3.23531954e-01 -9.72671222e-02
 4.78156300e+00  5.48529193e+01  3.26645858e+00  9.68759100e+01  1.21410705e+01  4.75355434e+01  1.24780007e+01  1.78191610e+01  7.30229168e+00  7.55237557e+00  3.76979437e+00  3.72121715e+00  1.68817239e+00  1.77113578e+00  7.85053790e-01  6.17692744e-01  4.17004699e-01 -4.75332557e-02  2.90303416e-01 -1.34367190e-01
 4.83366700e+00  5.00601403e+01  2.02688587e+00  8.89522915e+01  1.02559015e+01  4.32676646e+01  1.09196344e+01  1.58388407e+01  6.27253761e+00  6.53794212e+00  3.14714982e+00  3.11377745e+00  1.36746841e+00  1.44677318e+00  6.07269888e-01  4.66995617e-01  3.50824942e-01 -9.39714463e-02  2.82754386e-01 -1.65044759e-01
 4.88577200e+00  4.56193165e+01  9.66881928e-01  8.15832931e+01  8.59947116e+00  3.93490008e+01  9.53488031e+00  1.40891344e+01  5.37169919e+00  5.64354568e+00  2.61861103e+00  2.59814731e+00  1.10261713e+00  1.17510177e+00  4.65845953e-01  3.48918697e-01  2.96531762e-01 -1.27808408e-01  2.96079697e-01 -1.87853377e-01
 4.93787600e+00  4.15334085e+01  8.05895857e-02  7.47740555e+01  7.16446315e+00  3.57777742e+01  8.31985057e+00  1.25553955e+01  4.59671895e+00  4.86762341e+00  2.17964651e+00  2.16855095e+00  8.89528876e-01  9.52065707e-01  3.57661381e-01  2.60674442e-01  2.52181671e-01 -1.48558736e-01  3.21668221e-01 -2.01243463e-01
 4.98998000e+00  3.77875882e+01 -6.47358934e-01  6.85019616e+01  5.93138275e+00  3.25340723e+01  7.26139690e+00  1.12110107e+01  3.93734903e+00  4.20163678e+00  1.82030183e+00  1.81407014e+00  7.20958817e-01  7.70627690e-01  2.77550811e-01  1.97637073e-01  2.15515307e-01 -1.56827722e-01  3.49701395e-01 -2.04262453e-01
 5.04208400e+00  3.43571422e+01 -1.23722820e+00  6.27293024e+01  4.87478628e+00  2.95886584e+01  6.34181168e+00  1.00256738e+01  3.37939038e+00  3.63317400e+00  1.52793127e+00  1.52180687e+00  5.88416888e-01  6.22858536e-01  2.19370857e-01  1.54222371e-01  1.84493600e-01 -1.54228116e-01  3.71763329e-01 -1.97094393e-01
 5.09418800e+00  3.12142490e+01 -1.71013175e+00  5.74139449e+01  3.96860206e+00  2.69103640e+01  5.54273175e+00  8.97182600e+00  2.90762042e+00  3.14869160e+00  1.28964487e+00  1.27947328e+00  4.83763555e-01  5.01575747e-01  1.77021882e-01  1.24773660e-01  1.57632873e-01 -1.43129963e-01  3.82545803e-01 -1.81219723e-01
 5.14629300e+00  2.83324832e+01 -2.08533874e+00  5.25162282e+01  3.18952965e+00  2.44707403e+01  4.84750645e+00  8.02800172e+00  2.50783503e+00  2.73535758e+00  1.09397675e+00  1.07688365e+00  4.00170449e-01  4.01196127e-01  1.45220582e-01  1.04279882e-01  1.34078032e-01 -1.26297539e-01  3.80283139e-01 -1.59157544e-01
 5.19839700e+00  2.56890259e+01 -2.37906168e+00  4.80021757e+01  2.51843495e+00  2.22460005e+01  4.24206059e+00  7.17928080e+00  2.16787935e+00  2.38193427e+00  9.31660178e-01  9.06352905e-01  3.32431091e-01  3.17838100e-01  1.19926310e-01  8.88213534e-02  1.13470037e-01 -1.06499779e-01  3.66124601e-01 -1.33933180e-01
 5.25050100e+00  2.32644498e+01 -2.60444324e+00  4.38428337e+01  1.94010805e+00  2.02164542e+01  3.71459359e+00  6.41568836e+00  1.87778519e+00  2.07886451e+00  7.95648515e-01  7.62313770e-01  2.76799852e-01  2.48926164e-01  9.84295851e-02  7.57231217e-02  9.57170228e-02 -8.61702263e-02  3.42965003e-01 -1.08479527e-01
 5.30260500e+00  2.10421480e+01 -2.77204772e+00  4.00132245e+01  1.44246790e+00  1.83655295e+01  3.25502693e+00  5.73019258e+00  1.62953136e+00  1.81809652e+00  6.80770598e-01  6.40684519e-01  2.30646871e-01  1.92663878e-01  7.92025937e-02  6.34748047e-02  8.07864567e-02 -6.71797277e-02  3.14260894e-01 -8.51662514e-02
 5.35470900e+00  1.90073330e+01 -2.89052246e+00  3.64907226e+01  1.01559956e+00  1.66785469e+01  2.85444988e+00  5.11693589e+00  1.41662013e+00  1.59281021e+00  5.83241148e-01  5.38264461e-01  1.92098297e-01  1.47580737e-01  6.16128359e-02  5.14952524e-02  6.85720447e-02 -5.07384800e-02  2.83165007e-01 -6.55457822e-02
 5.40681400e+00  1.71463059e+01 -2.96714220e+00  3.32539690e+01  6.51023447e-01  1.51419153e+01  2.50481953e+00  4.57017748e+00  1.23369559e+00  1.39722115e+00  5.00219970e-01  4.52332693e-01  1.59765420e-01  1.12263362e-01  4.56015646e-02  3.98322265e-02  5.88471345e-02 -3.74176491e-02  2.52077349e-01 -5.03200067e-02
 5.45891800e+00  1.54462255e+01 -3.00817072e+00  3.02826624e+01  3.41282997e-01  1.37429090e+01  2.19891469e+00  4.08395273e+00  1.07627889e+00  1.22648577e+00  4.29492682e-01  3.80461168e-01  1.32578162e-01  8.52647692e-02  3.13966369e-02  2.88697595e-02  5.12817600e-02 -2.72585857e-02  2.22549867e-01 -3.94699075e-02
 5.51102200e+00  1.38947714e+01 -3.01908835e+00  2.75571311e+01  7.96819608e-02  1.24694449e+01  1.93033654e+00  3.65206674e+00  9.40563277e-01  1.07661031e+00  3.69250725e-01  3.20451970e-01  1.09687617e-01  6.51223995e-02  1.92916287e-02  1.90866512e-02  4.54878471e-02 -1.99247554e-02  1.95400721e-01 -3.24650901e-02
 5.56312600e+00  1.24802923e+01 -3.00471269e+00  2.50587038e+01 -1.39785502e-01  1.13102799e+01  1.69358625e+00  3.26838606e+00  8.23309206e-01  9.44394372e-01  3.17974311e-01  2.70355117e-01  9.04164332e-02  5.04325187e-02  9.50725908e-03  1.08919690e-02  4.10697034e-02 -1.48636794e-02  1.70921385e-01 -2.84901558e-02
 5.61523000e+00  1.11918097e+01 -2.96928169e+00  2.27697794e+01 -3.22492928e-01  1.02550612e+01  1.48405866e+00  2.92709348e+00  7.21757503e-01  8.27329921e-01  2.74361863e-01  2.28486897e-01  7.42232764e-02  3.99225539e-02  2.12253584e-03  4.53490324e-03  3.76621365e-02 -1.14473775e-02  1.49079781e-01 -2.66380628e-02
 5.66733500e+00  1.00190273e+01 -2.91651450e+00  2.06738686e+01 -4.73225525e-01  9.29434156e+00  1.29797749e+00  2.62287788e+00  6.33563207e-01  7.23478152e-01  2.37290357e-01  1.93432272e-01  6.06731514e-02  3.25009450e-02 -2.93955735e-03  7.76412383e-05  3.49530235e-02 -9.07787214e-03  1.29679794e-01 -2.60514639e-02
 5.71943900e+00  8.95242653e+00 -2.84966960e+00  1.87557650e+01 -5.96214703e-01  8.41962952e+00  1.13230066e+00  2.35105855e+00  5.56747042e-01  6.31345385e-01  2.05793084e-01  1.64028487e-01  4.94112744e-02  2.72781996e-02 -5.89099853e-03 -2.58731838e-03  3.26923375e-02 -7.25370521e-03  1.12468480e-01 -2.60090336e-02
 5.77154300e+00  7.98311825e+00 -2.77158713e+00  1.70012681e+01 -6.95204979e-01  7.62321649e+00  9.84567891e-01  2.10757106e+00  4.89636362e-01  5.49745321e-01  1.79036137e-01  1.39326537e-01  4.01377300e-02  2.35615527e-02 -7.04088724e-03 -3.69582073e-03  3.06911680e-02 -5.60068118e-03  9.71930726e-02 -2.59646677e-02
 5.82364700e+00  7.10290752e+00 -2.68473631e+00  1.53972849e+01 -7.73491835e-01  6.89817025e+00  8.52784512e-01  1.88895670e+00  4.30828152e-01  4.77700157e-01  1.56304214e-01  1.18553330e-01  3.25897950e-02  2.08344849e-02 -6.75194286e-03 -3.56103880e-03  2.88159195e-02 -3.87576923e-03  8.36289379e-02 -2.55520288e-02
 5.87575200e+00  6.30422118e+00 -2.59125157e+00  1.39316876e+01 -8.33972848e-01  6.23821744e+00  7.35299726e-01  1.69228743e+00  3.79146898e-01  4.14355626e-01  1.36983499e-01  1.01071869e-01  2.65286765e-02  1.87272985e-02 -5.40125035e-03 -2.52544718e-03  2.69798857e-02 -1.95271497e-03  7.15857444e-02 -2.45667291e-02
 5.92785600e+00  5.58013016e+00 -2.49297449e+00  1.25933522e+01 -8.79185882e-01  5.63771236e+00  6.30721644e-01  1.51510354e+00  3.33613301e-01  3.58930249e-01  1.20548377e-01  8.63503500e-02  2.17326547e-02  1.69864106e-02 -3.34912395e-03 -9.21874252e-04  2.51345436e-02  2.01654426e-04  6.09053905e-02 -2.29369025e-02
 5.97996000e+00  4.92421935e+00 -2.39147432e+00  1.13719225e+01 -9.11353991e-01  5.09149042e+00  5.37833274e-01  1.35531429e+00  2.93407212e-01  3.10675752e-01  1.06546208e-01  7.39362412e-02  1.79935596e-02  1.54457135e-02 -9.17127349e-04  9.54034636e-04  2.32608796e-02  2.55446175e-03  5.14541656e-02 -2.06896303e-02
 6.03206400e+00  4.33061190e+00 -2.28808401e+00  1.02578631e+01 -9.32414750e-01  4.59485973e+00  4.55551909e-01  1.21114340e+00  2.57844268e-01  2.68867760e-01  9.45878607e-02  6.34415057e-02  1.51174314e-02  1.40028024e-02  1.62470936e-03  2.85968881e-03  2.13618202e-02  5.03196737e-03  4.31171000e-02 -1.79187469e-02
 6.08416800e+00  3.79391511e+00 -2.18392533e+00  9.24237370e+00 -9.44052817e-01  4.14353734e+00  3.82893427e-01  1.08106486e+00  2.26350908e-01  2.32802516e-01  8.43383393e-02  5.45321350e-02  1.29261578e-02  1.25999876e-02  4.06332221e-03  4.61180295e-03  1.94553706e-02  7.54094277e-03  3.57923884e-02 -1.47567362e-02
 6.13627300e+00  3.30917452e+00 -2.07993210e+00  8.31731876e+00 -9.47728746e-01  3.73359932e+00  3.18950088e-01  9.63750752e-01  1.98443266e-01  2.01801595e-01  7.55095090e-02  4.69219694e-02  1.12596711e-02  1.12099757e-02  6.24241991e-03  6.08538505e-03  1.75686838e-02  9.98505172e-03  2.93875230e-02 -1.13520731e-02
 6.18837700e+00  2.87187435e+00 -1.97688160e+00  7.47524733e+00 -9.44705530e-01  3.36147544e+00  2.62882698e-01  8.58039704e-01  1.73711846e-01  1.75222629e-01  6.78551426e-02  4.03694415e-02  9.97796967e-03  9.82556679e-03  8.05819811e-03  7.20777912e-03  1.57332685e-02  1.22759975e-02  2.38173952e-02 -7.85262092e-03
 6.24048100e+00  2.47784787e+00 -1.87540412e+00  6.70923979e+00 -9.36073596e-01  3.02387127e+00  2.13906166e-01  7.62891577e-01  1.51803898e-01  1.52464516e-01  6.11654286e-02  3.46737376e-02  8.96206898e-03  8.45210384e-03  9.45308369e-03  7.95031242e-03  1.39808042e-02  1.43407296e-02  1.90022029e-02 -4.39365078e-03
 6.29258500e+00  2.12328377e+00 -1.77601056e+00  6.01293647e+00 -9.22772893e-01  2.71777360e+00  1.71290742e-01  6.77372066e-01  1.32413941e-01  1.32977178e-01  5.52639373e-02  2.96723964e-02  8.11434577e-03  7.10241386e-03  1.04078531e-02  8.31863637e-03  1.23402817e-02  1.61246212e-02  1.48672608e-02 -1.09101000e-03
 6.34468900e+00  1.80468695e+00 -1.67910796e+00  5.38047782e+00 -9.05613374e-01  2.44041871e+00  1.34358674e-01  6.00631604e-01  1.15273942e-01  1.16265839e-01  5.00041489e-02  2.52376799e-02  7.35780755e-03  5.79319686e-03  1.09336514e-02  8.34337268e-03  1.08358763e-02  1.75922400e-02  1.13425570e-02  1.96245743e-03
 6.39679400e+00  1.51884652e+00 -1.58501311e+00  4.80645571e+00 -8.85292696e-01  2.18926696e+00  1.02482411e-01  5.31890153e-01  1.00145895e-01  1.01893068e-01  4.52663010e-02  2.12724639e-02  6.63462807e-03  4.54251969e-03  1.10642558e-02  8.07160525e-03  9.48566443e-03  1.87262765e-02  8.36258362e-03  4.69780218e-03
 6.44889800e+00  1.26283278e+00 -1.49397323e+00  4.28592090e+00 -8.62413773e-01  1.96200289e+00  7.50859487e-02  4.70432060e-01  8.68175236e-02  8.94796708e-02  4.09547684e-02  1.77060450e-02  5.90419623e-03  3.36819230e-03  1.08490156e-02  7.55967969e-03  8.30118441e-03  1.95252553e-02  5.86651884e-03  7.06874133e-03
 6.50100200e+00  1.03394231e+00 -1.40616666e+00  3.81428454e+00 -8.37496248e-01  1.75648959e+00  5.16400724e-02  4.15590763e-01  7.50965302e-02  7.87008213e-02  3.69945813e-02  1.44889713e-02  5.14068576e-03  2.28644373e-03  1.03467120e-02  6.86735449e-03  7.28732238e-03  2.00008825e-02  3.79786333e-03  9.04975779e-03
 6.55310600e+00  8.29700662e-01 -1.32172017e+00  3.38733322e+00 -8.10989865e-01  1.57077315e+00  3.16635126e-02  3.66748909e-01  6.48088490e-02  6.92834139e-02  3.33288895e-02  1.15886687e-02  4.33061572e-03  1.31123260e-03  9.62038806e-03  6.05338623e-03  6.44290264e-03  2.01749899e-02  2.10463935e-03  1.06330056e-02
 6.60521000e+00  6.47838593e-01 -1.24071549e+00  3.00118997e+00 -7.83284182e-01  1.40306359e+00  1.47206006e-02  3.23333200e-01  5.57962062e-02  6.10009404e-02  2.99160244e-02  8.98493690e-03  3.47035770e-03  4.53732527e-04  8.73321606e-03  5.17235480e-03  5.76144661e-03  2.00766903e-02  7.39258923e-04  1.18252260e-02
 6.65731500e+00  4.86272925e-01 -1.16319510e+00  2.65228253e+00 -7.54716505e-01  1.25171937e+00  4.19014974e-04  2.84810976e-01  4.79144215e-02  5.36679510e-02  2.67267152e-02  6.66592707e-03  2.56377847e-03 -2.77938217e-04  7.74530497e-03  4.27255710e-03  5.23212991e-03  1.97397634e-02 -3.41598436e-04  1.26446387e-02
 6.70941900e+00  3.43103776e-01 -1.08917420e+00  2.33734613e+00 -7.25581193e-01  1.11524680e+00 -1.15914490e-02  2.50691043e-01  4.10328274e-02  4.71350032e-02  2.37417745e-02  4.62490075e-03  1.62019398e-03 -8.78735367e-04  6.71148670e-03  3.39487862e-03  4.84086071e-03  1.92004374e-02 -1.17704618e-03  1.31179669e-02
 6.76152300e+00  2.16582524e-01 -1.01863694e+00  2.05336192e+00 -6.96132295e-01  9.92271750e-01 -2.16230150e-02  2.20517612e-01  3.50324540e-02  4.12823379e-02  2.09493990e-02  2.85717575e-03  6.52420724e-04 -1.34669857e-03  5.67968282e-03  2.57219440e-03  4.57125194e-03  1.84954955e-02 -1.80228302e-03  1.32779235e-02
 6.81362700e+00  1.05112188e-01 -9.51546922e-01  1.79756447e+00 -6.66590666e-01  8.81541419e-01 -2.99514447e-02  1.93871902e-01  2.98058935e-02  3.60153014e-02  1.83433426e-02  1.35815963e-03 -3.24706147e-04 -1.68270450e-03  4.69011898e-03  1.82947767e-03  4.40562884e-03  1.76608399e-02 -2.24870182e-03  1.31608965e-02
 6.86573100e+00  7.23274869e-03 -8.87849392e-01  1.56741623e+00 -6.37147543e-01  7.81911893e-01 -3.68190978e-02  1.70369969e-01  2.52564593e-02  3.12595098e-02  1.59210603e-02  1.21759492e-04 -1.29560812e-03 -1.89021026e-03  3.77498513e-03  1.18420619e-03  4.32587238e-03  1.67303982e-02 -2.54413274e-03  1.28050997e-02
 6.91783600e+00 -7.83909150e-02 -8.27473408e-01  1.36058668e+00 -6.07967435e-01  6.92337789e-01 -4.24378341e-02  1.49660925e-01  2.12974709e-02  2.69566306e-02  1.36821648e-02 -8.60629597e-04 -2.24496382e-03 -1.97492561e-03  2.95852549e-03  6.47037271e-04  4.31414214e-03  1.57353436e-02 -2.71308392e-03  1.22490523e-02
 6.96994000e+00 -1.52972442e-01 -7.70339188e-01  1.17495172e+00 -5.79193267e-01  6.11870867e-01 -4.69914046e-02  1.31426979e-01  1.78519105e-02  2.30611402e-02  1.16273795e-02 -1.60057739e-03 -3.15836973e-03 -1.94444810e-03  2.25752621e-03  2.22690698e-04  4.35345683e-03  1.47036944e-02 -2.77698322e-03  1.15304494e-02
 7.02204400e+00 -2.17622879e-01 -7.16353587e-01  1.00855510e+00 -5.50945489e-01  5.39642245e-01 -5.06388396e-02  1.15379467e-01  1.48513295e-02  1.95368323e-02  9.75733555e-03 -2.11286712e-03 -4.02296553e-03 -1.80790013e-03  1.68187750e-03 -8.91893376e-05  4.42813392e-03  1.36599522e-02 -2.75445796e-03  1.06852122e-02
 7.07414800e+00 -2.73352327e-01 -6.65416898e-01  8.59610815e-01 -5.23326449e-01  4.74862508e-01 -5.35166525e-02  1.01258794e-01  1.22355123e-02  1.63546920e-02  8.07205159e-03 -2.41524905e-03 -4.82769233e-03 -1.57555286e-03  1.23544497e-03 -2.93047989e-04  4.52410067e-03  1.26251156e-02 -2.66158422e-03  9.74689348e-03
 7.12625300e+00 -3.21080397e-01 -6.17422584e-01  7.26483642e-01 -4.96421176e-01  4.16812424e-01 -5.57415306e-02  8.88320047e-02  9.95169990e-03  1.34907781e-02  6.57038404e-03 -2.52807471e-03 -5.56350569e-03 -1.25847304e-03  9.16937012e-04 -3.96515832e-04  4.62908675e-03  1.16167205e-02 -2.51215024e-03  8.74622273e-03
 7.17835700e+00 -3.61640011e-01 -5.72262504e-01  6.07687013e-01 -4.70301069e-01  3.64841327e-01 -5.74125637e-02  7.78918661e-02  7.95410392e-03  1.09248846e-02  5.24984882e-03 -2.47375611e-03 -6.22338197e-03 -8.68227729e-04  7.20843779e-04 -4.09545116e-04  4.73270629e-03  1.06490962e-02 -2.31792477e-03  7.71092868e-03
 7.23046100e+00 -3.95789689e-01 -5.29822760e-01  5.01856572e-01 -4.45022260e-01  3.18354966e-01 -5.86137210e-02  6.82535615e-02  6.20299809e-03  8.63902629e-03  4.10631288e-03 -2.27615754e-03 -6.80237284e-03 -4.16560029e-04  6.38302937e-04 -3.43643668e-04  4.82647676e-03  9.73349544e-03 -2.08888461e-03  6.66550215e-03
 7.28256500e+00 -4.24216104e-01 -4.89988635e-01  4.07750272e-01 -4.20629026e-01  2.76815011e-01 -5.94157176e-02  5.97537913e-02  4.66426714e-03  6.61678593e-03  3.13410046e-03 -1.95993074e-03 -7.29744894e-03  8.48378521e-05  6.57981721e-04 -2.11180450e-04  4.90375060e-03  8.87845988e-03 -1.83345606e-03  5.63125691e-03
 7.33466900e+00 -4.47540977e-01 -4.52644680e-01  3.24236018e-01 -3.97154475e-01  2.39733197e-01 -5.98779280e-02  5.22486570e-02  3.30875134e-03  4.84263020e-03  2.32604355e-03 -1.54987551e-03 -7.70736890e-03  6.24541417e-04  7.66854852e-04 -2.48028131e-05  4.95960656e-03  8.09010632e-03 -1.55872656e-03  4.62637519e-03
 7.38677400e+00 -4.66326908e-01 -4.17674955e-01  2.50281379e-01 -3.74621250e-01  2.06666414e-01 -6.00500682e-02  4.56117275e-02  2.11164549e-03  3.30145796e-03  1.67361905e-03 -1.07032791e-03 -8.03250810e-03  1.19157872e-03  9.50909004e-04  2.03053867e-04  4.99070325e-03  7.37242085e-03 -1.27063419e-03  3.66601291e-03
 7.43887800e+00 -4.81081125e-01 -3.84966429e-01  1.84950771e-01 -3.53044285e-01  1.77215189e-01 -5.99736884e-02  3.97327854e-02  1.05204286e-03  1.97844764e-03  1.16718859e-03 -5.44660357e-04 -8.27464126e-03  1.77552437e-03  1.19573428e-03  4.60536505e-04  4.99510703e-03  6.72760955e-03 -9.74165530e-04  2.76253738e-03
 7.49098200e+00 -4.92262390e-01 -3.54405603e-01  1.27389275e-01 -3.32429185e-01  1.51016230e-01 -5.96835167e-02  3.45154047e-02  1.12291363e-04  8.58734191e-04  7.96141709e-04  5.23396371e-06 -8.43677882e-03  2.36667049e-03  1.48705679e-03  7.36698318e-04  4.97211253e-03  6.15629374e-03 -6.73477610e-04  1.92560946e-03
 7.54308600e+00 -5.00283879e-01 -3.25881786e-01  7.68213501e-02 -3.12774891e-01  1.27741648e-01 -5.92085998e-02  2.98759120e-02 -7.22377802e-04 -7.25254936e-05  5.49176739e-04  5.59278488e-04 -8.52294038e-03  2.95605956e-03  1.81114179e-03  1.02169584e-03  4.92205243e-03  5.65782042e-03 -3.72055446e-04  1.16246891e-03
 7.59519000e+00 -5.05517660e-01 -2.99286849e-01  3.25427401e-02 -2.94074093e-01  1.07095181e-01 -5.85733116e-02  2.57417954e-02 -1.46429813e-03 -8.30177926e-04  4.14512821e-04  1.09950663e-03 -8.53796861e-03  3.53554559e-03  2.15512245e-03  1.30693242e-03  4.84611365e-03  5.23047490e-03 -7.28231568e-05  4.78135160e-04
 7.64729500e+00 -5.08298489e-01 -2.74515133e-01 -6.08630329e-03 -2.76313707e-01  8.88090031e-02 -5.77981966e-02  2.20502960e-02 -2.12376093e-03 -1.42903389e-03  3.80105242e-04  1.61026930e-03 -8.48734565e-03  4.09783342e-03  2.50724894e-03  1.58513812e-03  4.74615850e-03  4.87167426e-03  2.21762820e-04 -1.24380835e-04
 7.69939900e+00 -5.08927116e-01 -2.51465617e-01 -3.96437823e-02 -2.59476967e-01  7.26424488e-02 -5.69007596e-02  1.87474555e-02 -2.70930570e-03 -1.88374959e-03  4.33844231e-04  2.07831280e-03 -8.37703000e-03  4.63644621e-03  2.85702837e-03  1.85036797e-03  4.62456780e-03  4.57816657e-03  5.09608635e-04 -6.43811224e-04
 7.75150300e+00 -5.07673789e-01 -2.30039289e-01 -6.86555648e-02 -2.43542085e-01  5.83775007e-02 -5.58959868e-02  1.57865801e-02 -3.22809495e-03 -2.20880483e-03  5.63728560e-04  2.49288052e-03 -8.21329773e-03  5.14578574e-03  3.19536659e-03  2.09800821e-03  4.48407865e-03  4.34613785e-03  7.88949043e-04 -1.08048525e-03
 7.80360700e+00 -5.04780934e-01 -2.10141255e-01 -9.35970972e-02 -2.28484283e-01  4.58180127e-02 -5.47969085e-02  1.31275317e-02 -3.68612292e-03 -2.41835869e-03  7.58024129e-04  2.84564998e-03 -8.00260864e-03  5.62107216e-03  3.51458535e-03  2.32469222e-03  4.32765692e-03  4.17136647e-03  1.05826953e-03 -1.43607384e-03
 7.85571100e+00 -5.00465917e-01 -1.91680368e-01 -1.14898592e-01 -2.14276039e-01  3.47873031e-02 -5.36149997e-02  1.07357597e-02 -4.08845381e-03 -2.52616836e-03  1.00539316e-03  3.13066459e-03 -7.75148573e-03  6.05832886e-03  3.80842586e-03  2.52821563e-03  4.15837755e-03  4.04932152e-03  1.31626802e-03 -1.71340403e-03
 7.90781600e+00 -4.94923376e-01 -1.74568979e-01 -1.32949383e-01 -2.00887398e-01  2.51261201e-02 -5.23604891e-02  8.58147195e-03 -4.43941958e-03 -2.54550063e-03  1.29500784e-03  3.34421278e-03 -7.46640538e-03  6.45435647e-03  4.07201197e-03  2.70742883e-03  3.97931979e-03  3.97525075e-03  1.56182500e-03 -1.91627519e-03
 7.95992000e+00 -4.88327905e-01 -1.58724264e-01 -1.48100318e-01 -1.88287482e-01  1.66916535e-02 -5.10427229e-02  6.63909974e-03 -4.74275524e-03 -2.48905314e-03  1.61661327e-03  3.48465255e-03 -7.15373116e-03  6.80666478e-03  4.30175882e-03  2.86209968e-03  3.79349648e-03  3.94425999e-03  1.79395835e-03 -2.04926957e-03
 8.01202400e+00 -4.80835448e-01 -1.44066256e-01 -1.60669226e-01 -1.76443407e-01  9.35487298e-03 -4.96702273e-02  4.88644335e-03 -5.00177291e-03 -2.36888818e-03  1.96062705e-03  3.55224860e-03 -6.81960654e-03  7.11347636e-03  4.49530894e-03  2.99280250e-03  3.60376426e-03  3.95136783e-03  2.01183162e-03 -2.11761245e-03
 8.06412800e+00 -4.72585536e-01 -1.30519157e-01 -1.70942602e-01 -1.65321741e-01  2.99987584e-03 -4.82509628e-02  3.30431441e-03 -5.21944337e-03 -2.19637360e-03  2.31816569e-03  3.54894817e-03 -6.46991546e-03  7.37365083e-03  4.65140117e-03  3.10076976e-03  3.41278289e-03  3.99156571e-03  2.21472026e-03 -2.12700451e-03
 8.11623200e+00 -4.63702865e-01 -1.18010939e-01 -1.79178842e-01 -1.54888602e-01 -2.47759867e-03 -4.67924192e-02  1.87603837e-03 -5.39849097e-03 -1.98213990e-03  2.68108197e-03  3.47816841e-03 -6.11022841e-03  7.58664717e-03  4.76975567e-03  3.18776332e-03  3.22297110e-03  4.05986222e-03  2.40200604e-03 -2.08348840e-03
 8.16833700e+00 -4.54298610e-01 -1.06473071e-01 -1.85610958e-01 -1.45109803e-01 -7.17142204e-03 -4.53016725e-02  5.87042403e-04 -5.54146504e-03 -1.73604306e-03  3.04199034e-03  3.34457094e-03 -5.74575777e-03  7.75248021e-03  4.85094967e-03  3.25594823e-03  3.03647435e-03  4.15132532e-03  2.57317302e-03 -1.99332087e-03
 8.22044100e+00 -4.44472506e-01 -9.58412848e-02 -1.90448509e-01 -1.35951873e-01 -1.11657908e-02 -4.37855591e-02 -5.75378895e-04 -5.65078217e-03 -1.46716315e-03  3.39424623e-03  3.15385201e-03 -5.38135805e-03  7.87166275e-03  4.89628543e-03  3.30776811e-03  2.85516135e-03  4.26111059e-03  2.72779020e-03 -1.86286738e-03
 8.27254500e+00 -4.34312980e-01 -8.60541596e-02 -1.93880511e-01 -1.27381178e-01 -1.45367225e-02 -4.22505424e-02 -1.62249072e-03 -5.72878152e-03 -1.18376545e-03  3.73198496e-03  2.91251112e-03 -5.02146449e-03  7.94517923e-03  4.90767526e-03  3.34584283e-03  2.68059414e-03  4.38450410e-03  2.86552855e-03 -1.69849017e-03
 8.32464900e+00 -4.23898952e-01 -7.70539060e-02 -1.96076896e-01 -1.19364894e-01 -1.73525467e-02 -4.07028489e-02 -2.56425110e-03 -5.77774032e-03 -8.93318266e-04  4.05008304e-03  2.62765346e-03 -4.67010934e-03  7.97442754e-03  4.88751513e-03  3.37286375e-03  2.51404228e-03  4.51694504e-03  2.98614638e-03 -1.50646497e-03
 8.37675400e+00 -4.13300425e-01 -6.87858688e-02 -1.97190467e-01 -1.11870851e-01 -1.96748206e-02 -3.91484198e-02 -3.40954766e-03 -5.79989467e-03 -6.02490906e-04  4.34415316e-03  2.30678695e-03 -4.33090322e-03  7.96117874e-03  4.83857275e-03  3.39150811e-03  2.35648299e-03  4.65405694e-03  3.08949426e-03 -1.29289712e-03
 8.42885800e+00 -4.02580176e-01 -6.11990225e-02 -1.97358475e-01 -1.04868241e-01 -2.15588596e-02 -3.75930316e-02 -4.16629657e-03 -5.79744802e-03 -3.17191724e-04  4.61049944e-03  1.95766731e-03 -4.00706117e-03  7.90753693e-03  4.76388743e-03  3.40436239e-03  2.20862525e-03  4.79166200e-03  3.17550782e-03 -1.06367115e-03
 8.48096200e+00 -3.91793308e-01 -5.42448943e-02 -1.96704233e-01 -9.83268789e-02 -2.30546302e-02 -3.60421117e-02 -4.84167309e-03 -5.77257706e-03 -4.25567674e-05  4.84612454e-03  1.58809626e-03 -3.70136830e-03  7.81589705e-03  4.66666908e-03  3.41386125e-03  2.07090845e-03  4.92582012e-03  3.24422037e-03 -8.24368990e-04
 8.53306600e+00 -3.80988755e-01 -4.78780828e-02 -1.95338357e-01 -9.22178745e-02 -2.42071245e-02 -3.45008484e-02 -5.44215439e-03 -5.72742803e-03  2.16999762e-04  5.04867649e-03  1.20579775e-03 -3.41621481e-03  7.68890605e-03  4.55021585e-03  3.42223472e-03  1.94353487e-03  5.05283958e-03  3.29575552e-03 -5.80239072e-04
 8.58517000e+00 -3.70209696e-01 -4.20559628e-02 -1.93360026e-01 -8.65135561e-02 -2.50569105e-02 -3.29741501e-02 -5.97362595e-03 -5.66411232e-03  4.57758381e-04  5.21642181e-03  8.18281256e-04 -3.15360109e-03  7.52942532e-03  4.41783778e-03  3.43146858e-03  1.82648935e-03  5.16929899e-03  3.33033014e-03 -3.36154589e-04
 8.63727500e+00 -3.59493901e-01 -3.67384593e-02 -1.90858030e-01 -8.11874194e-02 -2.56405880e-02 -3.14666038e-02 -6.44146278e-03 -5.58469705e-03  6.76661737e-04  5.34821308e-03  4.32720765e-04 -2.91514769e-03  7.34049054e-03  4.27278800e-03  3.44327537e-03  1.71956179e-03  5.27206645e-03  3.34825517e-03 -9.65798919e-05
 8.68937900e+00 -3.48875048e-01 -3.18883193e-02 -1.87911976e-01 -7.62145604e-02 -2.59911463e-02 -2.99825788e-02 -6.85055389e-03 -5.49120197e-03  8.71258676e-04  5.44344339e-03  5.58874179e-05 -2.70212932e-03  7.12529188e-03  4.11821789e-03  3.45907383e-03  1.62238057e-03  5.35830704e-03  3.34993495e-03  1.34432219e-04
 8.74148300e+00 -3.38381921e-01 -2.74703748e-02 -1.84592898e-01 -7.15710778e-02 -2.61383848e-02 -2.85260418e-02 -7.20540454e-03 -5.38557995e-03  1.03968775e-03  5.50202423e-03 -3.05975671e-04 -2.51546515e-03  6.88711856e-03  3.95711324e-03  3.47997965e-03  1.53442601e-03  5.42550759e-03  3.33586912e-03  3.53281756e-04
 8.79358700e+00 -3.28039630e-01 -2.34518384e-02 -1.80964257e-01 -6.72344899e-02 -2.61091775e-02 -2.71006638e-02 -7.51013918e-03 -5.26971205e-03  1.18061668e-03  5.52433662e-03 -6.47188671e-04 -2.35575635e-03  6.62934063e-03  3.79226682e-03  3.50680196e-03  1.45506428e-03  5.47147883e-03  3.30665038e-03  5.56809726e-04
 8.84569100e+00 -3.17869759e-01 -1.98020772e-02 -1.77082635e-01 -6.31836190e-02 -2.59277657e-02 -2.57097839e-02 -7.76854440e-03 -5.14539563e-03  1.29320269e-03  5.51119533e-03 -9.62692857e-04 -2.22330095e-03  6.35537456e-03  3.62624553e-03  3.54004779e-03  1.38357008e-03  5.49436523e-03  3.26296375e-03  7.42303383e-04
 8.89779600e+00 -3.07890491e-01 -1.64924368e-02 -1.72998313e-01 -5.93985012e-02 -2.56159985e-02 -2.43563782e-02 -7.98410126e-03 -5.01433195e-03  1.37704946e-03  5.46380870e-03 -1.24809245e-03 -2.11811209e-03  6.06864791e-03  3.46136448e-03  3.57993323e-03  1.31914920e-03  5.49264968e-03  3.20558351e-03  9.07494266e-04
 8.94990000e+00 -2.98117660e-01 -1.34963774e-02 -1.68756193e-01 -5.58606430e-02 -2.51935782e-02 -2.30431610e-02 -8.15999450e-03 -4.87812739e-03  1.43215724e-03  5.38374370e-03 -1.49965726e-03 -2.03994597e-03  5.77259301e-03  3.29968374e-03  3.62639563e-03  1.26096572e-03  5.46515637e-03  3.13537530e-03  1.05053611e-03
 9.00200400e+00 -2.88563856e-01 -1.07889850e-02 -1.64395860e-01 -5.25525517e-02 -2.46782199e-02 -2.17724283e-02 -8.29915987e-03 -4.73827070e-03  1.45888910e-03  5.27288124e-03 -1.71436810e-03 -1.98831016e-03  5.47058652e-03  3.14297957e-03  3.67911774e-03  1.20815535e-03  5.41104980e-03  3.05328606e-03  1.17000986e-03
 9.05410800e+00 -2.79239437e-01 -8.34712765e-03 -1.59952383e-01 -4.94579899e-02 -2.40858457e-02 -2.05461653e-02 -8.40428782e-03 -4.59613662e-03  1.45792178e-03  5.13337999e-03 -1.88989598e-03 -1.96249256e-03  5.16594526e-03  2.99275307e-03  3.73754768e-03  1.15984952e-03  5.32983089e-03  2.96034409e-03  1.26489281e-03
 9.10621200e+00 -2.70152549e-01 -6.14928818e-03 -1.55456676e-01 -4.65618559e-02 -2.34307358e-02 -1.93660250e-02 -8.47784809e-03 -4.45297876e-03  1.43020681e-03  4.96763695e-03 -2.02460031e-03 -1.96157932e-03  4.86189602e-03  2.85022771e-03  3.80092517e-03  1.11519109e-03  5.22133070e-03  2.85765302e-03  1.33454125e-03
 9.15831700e+00 -2.61309157e-01 -4.17543249e-03 -1.50935806e-01 -4.38500854e-02 -2.27256517e-02 -1.82333134e-02 -8.52210994e-03 -4.30992377e-03  1.37693026e-03  4.77824503e-03 -2.11751409e-03 -1.98447534e-03  4.56154645e-03  2.71635207e-03  3.86831019e-03  1.07334870e-03  5.08569821e-03  2.74638373e-03  1.37866768e-03
 9.21042100e+00 -2.52713905e-01 -2.40706422e-03 -1.46413701e-01 -4.13098060e-02 -2.19820164e-02 -1.71490857e-02 -8.53915889e-03 -4.16798087e-03  1.29948025e-03  4.56797000e-03 -2.16831404e-03 -2.02992169e-03  4.26788608e-03  2.59181879e-03  3.93860629e-03  1.03353300e-03  4.92339927e-03  2.62777631e-03  1.39731269e-03
 9.26252500e+00 -2.44369267e-01 -8.26909636e-04 -1.41910954e-01 -3.89289733e-02 -2.12099441e-02 -1.61140264e-02 -8.53092128e-03 -4.02802559e-03  1.19940587e-03  4.33969117e-03 -2.17730116e-03 -2.09651734e-03  3.98373112e-03  2.47706137e-03  4.01059764e-03  9.95003020e-04  4.73518633e-03  2.50311966e-03  1.39082320e-03
 9.31462900e+00 -2.36276390e-01  5.81011597e-04 -1.37445460e-01 -3.66965298e-02 -2.04183950e-02 -1.51285505e-02 -8.49918015e-03 -3.89081268e-03  1.07838815e-03  4.09637896e-03 -2.14535701e-03 -2.18273655e-03  3.71172881e-03  2.37227955e-03  4.08297327e-03  9.57078553e-04  4.52209118e-03  2.37375141e-03  1.35982079e-03
 9.36673300e+00 -2.28435071e-01  1.83150710e-03 -1.33032600e-01 -3.46022979e-02 -1.96152548e-02 -1.41927956e-02 -8.44559611e-03 -3.75697677e-03  9.38208829e-04  3.84105569e-03 -2.07390531e-03 -2.28694727e-03  3.45433432e-03  2.27745389e-03  4.15435745e-03  9.19146687e-04  4.28540327e-03  2.24104672e-03  1.30517434e-03
 9.41883800e+00 -2.20843753e-01  2.93830873e-03 -1.28685400e-01 -3.26368899e-02 -1.88074036e-02 -1.33066212e-02 -8.37172553e-03 -3.62703479e-03  7.80719252e-04  3.57675587e-03 -1.96486500e-03 -2.40743127e-03  3.21379095e-03  2.19236330e-03  4.22333934e-03  8.80666599e-04  4.02664308e-03  2.10640572e-03  1.22796968e-03
 9.47094200e+00 -2.13500239e-01  3.91406359e-03 -1.24415083e-01 -3.07918038e-02 -1.80008564e-02 -1.24696927e-02 -8.27904613e-03 -3.50140217e-03  6.07827061e-04  3.30651329e-03 -1.82061148e-03 -2.54239173e-03  2.99213466e-03  2.11661199e-03  4.28849523e-03  8.41176435e-04  3.74755912e-03  1.97125331e-03  1.12948746e-03
 9.52304600e+00 -2.06400940e-01  4.77053070e-03 -1.20230775e-01 -2.90591452e-02 -1.72007422e-02 -1.16813974e-02 -8.16896754e-03 -3.38038530e-03  4.21454670e-04  3.03329851e-03 -1.64391373e-03 -2.68998373e-03  2.79115479e-03  2.04964130e-03  4.34842256e-03  8.00291269e-04  3.45007319e-03  1.83701243e-03  1.01116607e-03
 9.57515000e+00 -1.99541580e-01  5.51855937e-03 -1.16140017e-01 -2.74317288e-02 -1.64114339e-02 -1.09409314e-02 -8.04285499e-03 -3.26420017e-03  2.23529957e-04  2.76000866e-03 -1.43788973e-03 -2.84832130e-03  2.61240331e-03  1.99075888e-03  4.40175924e-03  7.57707019e-04  3.13627364e-03  1.70510271e-03  8.74579877e-04
 9.62725500e+00 -1.92917041e-01  6.16818563e-03 -1.12148784e-01 -2.59029611e-02 -1.56365821e-02 -1.02472886e-02 -7.90204255e-03 -3.15297717e-03  1.59604202e-05  2.48942864e-03 -1.20594660e-03 -3.01549829e-03  2.45718000e-03  1.93915878e-03  4.44720867e-03  7.13198587e-04  2.80837693e-03  1.57692345e-03  7.21408420e-04
 9.67935900e+00 -1.86521970e-01  6.72864281e-03 -1.08261938e-01 -2.44669072e-02 -1.48792345e-02 -9.59933189e-03 -7.74786038e-03 -3.04677979e-03 -1.99367535e-04  2.22422513e-03 -9.51744739e-04 -3.18959020e-03  2.32653866e-03  1.89394834e-03  4.48355748e-03  6.66621929e-04  2.46872505e-03  1.45385111e-03  5.53423259e-04
 9.73146300e+00 -1.80350117e-01  7.20849116e-03 -1.04482915e-01 -2.31180669e-02 -1.41418036e-02 -8.99573259e-03 -7.58163287e-03 -2.94560253e-03 -4.20627412e-04  1.96689062e-03 -6.79116738e-04 -3.36868766e-03  2.22126638e-03  1.85416501e-03  4.50969990e-03  6.17906603e-04  2.11971915e-03  1.33721202e-03  3.72446385e-04
 9.78356700e+00 -1.74394947e-01  7.61561779e-03 -1.00814165e-01 -2.18514483e-02 -1.34261817e-02 -8.43504367e-03 -7.40470183e-03 -2.84939071e-03 -6.46049824e-04  1.71974189e-03 -3.92030793e-04 -3.55089737e-03  2.14189525e-03  1.81880292e-03  4.52465108e-03  5.67055969e-04  1.76381587e-03  1.22827991e-03  1.80339272e-04
 9.83567100e+00 -1.68649602e-01  7.95729811e-03 -9.72571952e-02 -2.06624926e-02 -1.27337772e-02 -7.91570465e-03 -7.21843445e-03 -2.75804962e-03 -8.73937646e-04  1.48489464e-03 -9.45334205e-05 -3.73435814e-03  2.08870090e-03  1.78683354e-03  4.52756292e-03  5.14142486e-04  1.40349256e-03  1.12826107e-03 -2.10207615e-05
 9.88777600e+00 -1.63106876e-01  8.24024529e-03 -9.38126191e-02 -1.95470108e-02 -1.20655524e-02 -7.43605108e-03 -7.02422761e-03 -2.67145426e-03 -1.10268004e-03  1.26424181e-03  2.09308221e-04 -3.91725668e-03  2.06170613e-03  1.75722607e-03  4.51773645e-03  4.59302203e-04  1.04121225e-03  1.03828070e-03 -2.29763814e-04
 9.93988000e+00 -1.57759724e-01  8.47063094e-03 -9.04805205e-02 -1.85012270e-02 -1.14221223e-02 -6.99436824e-03 -6.82352868e-03 -2.58946707e-03 -1.33074299e-03  1.05945524e-03  5.15432973e-04 -4.09782518e-03  2.06068876e-03  1.72896950e-03  4.49463330e-03  4.02734111e-04  6.79424042e-04  9.59378044e-04 -4.44028707e-04
 9.99198400e+00 -1.52600692e-01  8.65415553e-03 -8.72601539e-02 -1.75216104e-02 -1.08037228e-02 -6.58885289e-03 -6.61781609e-03 -2.51193879e-03 -1.55670249e-03  8.71947908e-04  8.19868781e-04 -4.27437332e-03  2.08518695e-03  1.70108787e-03  4.45788272e-03  3.44688570e-04  3.20494981e-04  8.92484879e-04 -6.62002833e-04
 1.00440880e+01 -1.47622421e-01  8.79606043e-03 -8.41502983e-02 -1.66049251e-02 -1.02103065e-02 -6.21766692e-03 -6.40861443e-03 -2.43872553e-03 -1.77923237e-03  7.02881701e-04  1.11875495e-03 -4.44528442e-03  2.13451231e-03  1.67265970e-03  4.40728814e-03  2.85465981e-04 -3.32872990e-05  8.38422356e-04 -8.81920239e-04
 1.00961920e+01 -1.42817598e-01  8.90116567e-03 -8.11492718e-02 -1.57481725e-02 -9.64157133e-03 -5.87894286e-03 -6.19748837e-03 -2.36969661e-03 -1.99711311e-03  5.53156349e-04  1.40839066e-03 -4.60902844e-03  2.20776168e-03  1.64283303e-03  4.34283074e-03  2.25410068e-04 -3.79745092e-04  7.97889647e-04 -1.10207786e-03
 1.01482970e+01 -1.38178925e-01  8.97389989e-03 -7.82549511e-02 -1.49485430e-02 -9.09698978e-03 -5.57079235e-03 -5.98603340e-03 -2.30474222e-03 -2.20923905e-03  4.23403368e-04  1.68527982e-03 -4.76417353e-03  2.30383364e-03  1.61083874e-03  4.26466939e-03  1.64900920e-04 -7.16838812e-04  7.71455064e-04 -1.32085032e-03
 1.02004010e+01 -1.33699528e-01  9.01832136e-03 -7.54650592e-02 -1.42034452e-02 -8.57588785e-03 -5.29134219e-03 -5.77588434e-03 -2.24378604e-03 -2.41460452e-03  3.13994754e-04  1.94614626e-03 -4.90938237e-03  2.42143679e-03  1.57600512e-03  4.17314622e-03  1.04353811e-04 -1.04266113e-03  7.59550386e-04 -1.53668211e-03
 1.02525050e+01 -1.29372466e-01  9.03814976e-03 -7.27768948e-02 -1.35103842e-02 -8.07741764e-03 -5.03871079e-03 -5.56868055e-03 -2.18678456e-03 -2.61232979e-03  2.25030027e-04  2.18799840e-03 -5.04343711e-03  2.55911860e-03  1.53776443e-03  4.06877480e-03  4.42063720e-05 -1.35549348e-03  7.62461600e-04 -1.74812027e-03
 1.03046090e+01 -1.25191128e-01  9.03678101e-03 -7.01876120e-02 -1.28669978e-02 -7.60063257e-03 -4.81104299e-03 -5.36606965e-03 -2.13373758e-03 -2.80164519e-03  1.56351427e-04  2.40813640e-03 -5.16523376e-03  2.71527744e-03  1.49566354e-03  3.95224097e-03 -1.50825734e-05 -1.65379526e-03  7.80326311e-04 -1.95380346e-03
 1.03567130e+01 -1.21149180e-01  9.01730782e-03 -6.76942143e-02 -1.22710155e-02 -7.14450752e-03 -4.60651339e-03 -5.16968872e-03 -2.08469116e-03 -2.98189515e-03  1.07548828e-04  2.60418236e-03 -5.27379074e-03  2.88818436e-03  1.44936953e-03  3.82439456e-03 -7.30399280e-05 -1.93622320e-03  8.13129612e-04 -2.15247067e-03
 1.04088180e+01 -1.17240515e-01  8.98253562e-03 -6.52935543e-02 -1.17202267e-02 -6.70795893e-03 -4.42333129e-03 -4.98114432e-03 -2.03973962e-03 -3.15254064e-03  7.79696218e-05  2.77410389e-03 -5.36825526e-03  3.07600788e-03  1.39867282e-03  3.68623778e-03 -1.29185063e-04 -2.20164644e-03  8.60703126e-04 -2.34296805e-03
 1.04609220e+01 -1.13459575e-01  8.93500057e-03 -6.29825565e-02 -1.12125022e-02 -6.28990381e-03 -4.25976145e-03 -4.80200888e-03 -1.99903038e-03 -3.31314475e-03  6.67334148e-05  2.91621775e-03 -5.44790025e-03  3.27682101e-03  1.34349323e-03  3.53892526e-03 -1.83031145e-04 -2.44913405e-03  9.22720598e-04 -2.52423643e-03
 1.05130260e+01 -1.09800912e-01  8.87697895e-03 -6.07579751e-02 -1.07457135e-02 -5.88923296e-03 -4.11410903e-03 -4.63377997e-03 -1.96275873e-03 -3.46339045e-03  7.27438342e-05  3.02922133e-03 -5.51213820e-03  3.48864495e-03  1.28387419e-03  3.38373571e-03 -2.34097141e-04 -2.67799034e-03  9.98704497e-04 -2.69533421e-03
 1.05651300e+01 -1.06259510e-01  8.81050173e-03 -5.86166111e-02 -1.03177617e-02 -5.50486569e-03 -3.98473892e-03 -4.47787521e-03 -1.93116998e-03 -3.60306475e-03  9.47085326e-05  3.11218646e-03 -5.56051572e-03  3.70945717e-03  1.21998445e-03  3.22206818e-03 -2.81908900e-04 -2.88773623e-03  1.08802536e-03 -2.85542250e-03
 1.06172340e+01 -1.02830701e-01  8.73736523e-03 -5.65552903e-02 -9.92655439e-03 -5.13575965e-03 -3.87007582e-03 -4.33560865e-03 -1.90455562e-03 -3.73205904e-03  1.31157807e-04  3.16456582e-03 -5.59271675e-03  3.93721696e-03  1.15211330e-03  3.05542390e-03 -3.26005605e-04 -3.07811382e-03  1.18990692e-03 -3.00376783e-03
 1.06693390e+01 -9.95101118e-02  8.65913987e-03 -5.45708480e-02 -9.56998945e-03 -4.78092002e-03 -3.76860536e-03 -4.20816861e-03 -1.88324878e-03 -3.85036784e-03  1.80466784e-04  3.18619166e-03 -5.60856293e-03  4.16989160e-03  1.08066319e-03  2.88538602e-03 -3.65945783e-04 -3.24908620e-03  1.30343433e-03 -3.13974294e-03
 1.07214430e+01 -9.62939061e-02  8.57718611e-03 -5.26602968e-02 -9.24597525e-03 -4.43943979e-03 -3.67888355e-03 -4.09660798e-03 -1.86762019e-03 -3.95807595e-03  2.40874004e-04  3.17726895e-03 -5.60801218e-03  4.40545946e-03  1.00614773e-03  2.71361459e-03 -4.01309515e-04 -3.40081881e-03  1.42755274e-03 -3.26281415e-03
 1.07735470e+01 -9.31783935e-02  8.49265482e-03 -5.08206127e-02 -8.95238518e-03 -4.11046984e-03 -3.59952640e-03 -4.00181127e-03 -1.85806890e-03 -4.05536782e-03  3.10511010e-04  3.13836779e-03 -5.59115892e-03  4.64195696e-03  9.29174105e-04  2.54180770e-03 -4.31708169e-04 -3.53369085e-03  1.56108948e-03 -3.37255400e-03
 1.08256510e+01 -9.01602717e-02  8.40650269e-03 -4.90488987e-02 -8.68708379e-03 -3.79325497e-03 -3.52921840e-03 -3.92448795e-03 -1.85501617e-03 -4.14251352e-03  3.87423566e-04  3.07040720e-03 -5.55823014e-03  4.87747977e-03  8.50437646e-04  2.37169453e-03 -4.56786276e-04 -3.64827118e-03  1.70275612e-03 -3.46862709e-03
 1.08777560e+01 -8.72364888e-02  8.31949857e-03 -4.73423218e-02 -8.44791582e-03 -3.48712729e-03 -3.46670923e-03 -3.86515392e-03 -1.85889625e-03 -4.21986745e-03  4.69599547e-04  2.97463577e-03 -5.50958140e-03  5.11020935e-03  7.70706811e-04  2.20500828e-03 -4.76227571e-04 -3.74531082e-03  1.85116528e-03 -3.55079042e-03
 1.09298600e+01 -8.44044445e-02  8.23223999e-03 -4.56982470e-02 -8.23272681e-03 -3.19153349e-03 -3.41081782e-03 -3.82412300e-03 -1.87014623e-03 -4.28785722e-03  5.54988306e-04  2.85261807e-03 -5.44569658e-03  5.33841126e-03  6.90815930e-04  2.04347792e-03 -4.89758410e-04 -3.82572132e-03  2.00483243e-03 -3.61888315e-03
 1.09819640e+01 -8.16616294e-02  8.14515346e-03 -4.41140437e-02 -8.03934051e-03 -2.90600142e-03 -3.36042418e-03 -3.80148989e-03 -1.88919605e-03 -4.34698674e-03  6.41536009e-04  2.70619880e-03 -5.36717711e-03  5.56047638e-03  6.11641645e-04  1.88878769e-03 -4.97154634e-04 -3.89056966e-03  2.16220733e-03 -3.67283169e-03
 1.10340680e+01 -7.90058245e-02  8.05851203e-03 -4.25872174e-02 -7.86558449e-03 -2.63016355e-03 -3.31447310e-03 -3.79712764e-03 -1.91645752e-03 -4.39782408e-03  7.27204917e-04  2.53748171e-03 -5.27473933e-03  5.77491556e-03  5.34093899e-04  1.74256889e-03 -4.98244388e-04 -3.94105289e-03  2.32167824e-03 -3.71263860e-03
 1.10861720e+01 -7.64350166e-02  7.97244525e-03 -4.11153759e-02 -7.70929388e-03 -2.36374894e-03 -3.27197137e-03 -3.81068209e-03 -1.95231315e-03 -4.44099670e-03  8.09999880e-04  2.34879765e-03 -5.16920677e-03  5.98037467e-03  4.59098711e-04  1.60637586e-03 -4.92912709e-04 -3.97848140e-03  2.48159100e-03 -3.73837970e-03
 1.11382770e+01 -7.39473219e-02  7.88694990e-03 -3.96961988e-02 -7.56831888e-03 -2.10657455e-03 -3.23198554e-03 -3.84157148e-03 -1.99710582e-03 -4.47718543e-03  8.87993853e-04  2.14266761e-03 -5.05150001e-03  6.17564678e-03  3.87580823e-04  1.48166349e-03 -4.81105083e-04 -4.00425969e-03  2.64026920e-03 -3.75019954e-03
 1.11903810e+01 -7.15411454e-02  7.80190975e-03 -3.83275425e-02 -7.44054661e-03 -1.85855929e-03 -3.19364331e-03 -3.88898608e-03 -2.05112405e-03 -4.50711494e-03  9.59344933e-04  1.92178430e-03 -4.92263736e-03  6.35966379e-03  3.20453002e-04  1.36977716e-03 -4.62831932e-04 -4.01986441e-03  2.79601963e-03 -3.74830615e-03
 1.12424850e+01 -6.92148646e-02  7.71709971e-03 -3.70072716e-02 -7.32389734e-03 -1.61968760e-03 -3.15612759e-03 -3.95189749e-03 -2.11459641e-03 -4.53155073e-03  1.02232690e-03  1.68895226e-03 -4.78371193e-03  6.53152323e-03  2.58591810e-04  1.27192015e-03 -4.38170250e-04 -4.02682675e-03  2.94716871e-03 -3.73296793e-03
 1.12945890e+01 -6.69669927e-02  7.63220710e-03 -3.57333644e-02 -7.21634870e-03 -1.39002108e-03 -3.11867813e-03 -4.02906573e-03 -2.18767803e-03 -4.55128888e-03  1.07534297e-03  1.44706635e-03 -4.63589037e-03  6.69047523e-03  2.02827578e-04  1.18914650e-03 -4.07266835e-04 -4.02670973e-03  3.09206850e-03 -3.70450805e-03
 1.13466930e+01 -6.47961011e-02  7.54684546e-03 -3.45038803e-02 -7.11594640e-03 -1.16968413e-03 -3.08058972e-03 -4.11905223e-03 -2.27044196e-03 -4.56714916e-03  1.11694531e-03  1.19907038e-03 -4.48040001e-03  6.83592645e-03  1.53928028e-04  1.12234324e-03 -3.70339961e-04 -4.02108848e-03  3.22911803e-03 -3.66330056e-03
 1.13987980e+01 -6.27007531e-02  7.46056884e-03 -3.33169319e-02 -7.02081631e-03 -9.58849675e-04 -3.04121044e-03 -4.22023761e-03 -2.36287256e-03 -4.57996757e-03  1.14585140e-03  9.47914544e-04 -4.31851434e-03  6.96744063e-03  1.12583414e-04  1.07221616e-03 -3.27679626e-04 -4.01153021e-03  3.35678381e-03 -3.60976517e-03
 1.14509020e+01 -6.06796378e-02  7.37289477e-03 -3.21707717e-02 -6.92918526e-03 -7.57743974e-04 -2.99994414e-03 -4.33083256e-03 -2.46485100e-03 -4.59058740e-03  1.16095574e-03  6.96537599e-04 -4.15155377e-03  7.08472495e-03  7.93964902e-05  1.03928194e-03 -2.79651282e-04 -3.99957595e-03  3.47360785e-03 -3.54436773e-03
 1.15030060e+01 -5.87313058e-02  7.28331095e-03 -3.10636509e-02 -6.83938352e-03 -5.66610529e-04 -2.95624561e-03 -4.44891112e-03 -2.57615998e-03 -4.59985265e-03  1.16134462e-03  4.47801396e-04 -3.98085459e-03  7.18763971e-03  5.48659325e-05  1.02385325e-03 -2.26690399e-04 -3.98672130e-03  3.57823955e-03 -3.46761028e-03
 1.15551100e+01 -5.68543110e-02  7.19129845e-03 -2.99939085e-02 -6.74986473e-03 -3.85714139e-04 -2.90962350e-03 -4.57242726e-03 -2.69647248e-03 -4.60859884e-03  1.14630245e-03  2.04475091e-04 -3.80776878e-03  7.27618079e-03  3.93793377e-05  1.02603626e-03 -1.69304194e-04 -3.97440019e-03  3.66944200e-03 -3.38003143e-03
 1.16072140e+01 -5.50471519e-02  7.09634642e-03 -2.89599456e-02 -6.65921583e-03 -2.15324126e-04 -2.85963987e-03 -4.69924298e-03 -2.82535069e-03 -4.61764506e-03  1.11531893e-03 -3.08030007e-05 -3.63364804e-03  7.35047387e-03  3.32036565e-05  1.04572545e-03 -1.08068461e-04 -3.96396916e-03  3.74610979e-03 -3.28220218e-03
 1.16593190e+01 -5.33082242e-02  6.99796616e-03 -2.79602050e-02 -6.56616571e-03 -5.56985803e-05 -2.80590963e-03 -4.82715886e-03 -2.96224781e-03 -4.62778595e-03  1.06809180e-03 -2.55560798e-04 -3.45982757e-03  7.41076570e-03  3.64784329e-05  1.08260305e-03 -4.36228784e-05 -3.95669314e-03  3.80728415e-03 -3.17472050e-03
 1.17114230e+01 -5.16359417e-02  6.89571388e-03 -2.69932466e-02 -6.46960161e-03  9.29163694e-05 -2.74810549e-03 -4.95393353e-03 -3.10649831e-03 -4.63978273e-03  1.00453212e-03 -4.67504049e-04 -3.28762646e-03  7.45740904e-03  4.92103696e-05  1.13613731e-03  2.33284267e-05 -3.95373356e-03  3.85216122e-03 -3.05821690e-03
 1.17635270e+01 -5.00285278e-02  6.78919374e-03 -2.60576330e-02 -6.36856596e-03  2.30317543e-04 -2.68595269e-03 -5.07732883e-03 -3.25733654e-03 -4.65435625e-03  9.24757680e-04 -6.64568043e-04 -3.11831481e-03  7.49085812e-03  7.12707181e-05  1.20559093e-03  9.20298108e-05 -3.95613673e-03  3.88011023e-03 -2.93333911e-03
 1.18156310e+01 -4.84841457e-02  6.67807827e-03 -2.51520075e-02 -6.26226927e-03  3.56344482e-04 -2.61923410e-03 -5.19513060e-03 -3.41389113e-03 -4.67217831e-03  8.29092713e-04 -8.44922669e-04 -2.95311466e-03  7.51165171e-03  1.02394312e-04  1.29002561e-03  1.61675709e-04 -3.96482559e-03  3.89067785e-03 -2.80075746e-03
 1.18677350e+01 -4.70008627e-02  6.56211819e-03 -2.42750766e-02 -6.15009229e-03  4.70894323e-04 -2.54779030e-03 -5.30518183e-03 -3.57519425e-03 -4.69386426e-03  7.18061196e-04 -1.00699593e-03 -2.79318453e-03  7.52040209e-03  1.42180768e-04  1.38831232e-03  2.31419311e-04 -3.98059249e-03  3.88359689e-03 -2.66116035e-03
 1.19198400e+01 -4.55766253e-02  6.44114990e-03 -2.34255964e-02 -6.03158555e-03  5.73934679e-04 -2.47151916e-03 -5.40541456e-03 -3.74019331e-03 -4.71996609e-03  5.92376154e-04 -1.14949192e-03 -2.63960508e-03  7.51778246e-03  1.90098858e-04  1.49914609e-03  3.00382236e-04 -4.00409449e-03  3.85879109e-03 -2.51524877e-03
 1.19719440e+01 -4.42093720e-02  6.31511292e-03 -2.26024400e-02 -5.90647844e-03  6.65506088e-04 -2.39038272e-03 -5.49387147e-03 -3.90774854e-03 -4.75096353e-03  4.52939351e-04 -1.27139176e-03 -2.49337997e-03  7.50451505e-03  2.45488163e-04  1.62105222e-03  3.67658435e-04 -4.03584810e-03  3.81638049e-03 -2.36374519e-03
 1.20240480e+01 -4.28968770e-02  6.18404194e-03 -2.18045030e-02 -5.77466333e-03  7.45742962e-04 -2.30439927e-03 -5.56874511e-03 -4.07666399e-03 -4.78726055e-03  3.00814630e-04 -1.37197768e-03 -2.35540833e-03  7.48135882e-03  3.07572184e-04  1.75241652e-03  4.32332033e-04 -4.07623038e-03  3.75667948e-03 -2.20737426e-03
 1.20761520e+01 -4.16368706e-02  6.04807978e-03 -2.10307719e-02 -5.63620016e-03  8.14873351e-04 -2.21364957e-03 -5.62839576e-03 -4.24568831e-03 -4.82917771e-03  1.37223385e-04 -1.45082518e-03 -2.22648774e-03  7.44909798e-03  3.75464363e-04  1.89149658e-03  4.93482457e-04 -4.12547757e-03  3.68019691e-03 -2.04687139e-03
 1.21282570e+01 -4.04270012e-02  5.90747394e-03 -2.02802966e-02 -5.49130507e-03  8.73228550e-04 -2.11827378e-03 -5.67137749e-03 -4.41353583e-03 -4.87694844e-03 -3.64765973e-05 -1.50780634e-03 -2.10730136e-03  7.40853040e-03  4.48181793e-04  2.03644812e-03  5.50197669e-04 -4.18368858e-03  3.58762990e-03 -1.88297438e-03
 1.21803610e+01 -3.92649410e-02  5.76258663e-03 -1.95522502e-02 -5.34035327e-03  9.21243832e-04 -2.01847868e-03 -5.69645600e-03 -4.57888947e-03 -4.93071105e-03 -2.18794432e-04 -1.54308137e-03 -1.99842041e-03  7.36046094e-03  5.24652702e-04  2.18533681e-03  6.01581022e-04 -4.25082382e-03  3.47986498e-03 -1.71643342e-03
 1.22324650e+01 -3.81482630e-02  5.61387542e-03 -1.88458439e-02 -5.18385216e-03  9.59468474e-04 -1.91452597e-03 -5.70263140e-03 -4.74043675e-03 -4.99051085e-03 -4.08144159e-04 -1.55709680e-03 -1.90028538e-03  7.30568767e-03  6.03739569e-04  2.33617952e-03  6.46769006e-04 -4.32671694e-03  3.35795856e-03 -1.54798961e-03
 1.22845690e+01 -3.70745513e-02  5.46189852e-03 -1.81603870e-02 -5.02244048e-03  9.88562621e-04 -1.80673825e-03 -5.68914909e-03 -4.89687397e-03 -5.05629426e-03 -6.02850489e-04 -1.55056853e-03 -1.81321179e-03  7.24499690e-03  6.84249673e-04  2.48695864e-03  6.84937877e-04 -4.41107686e-03  3.22313256e-03 -1.37838466e-03
 1.23366730e+01 -3.60413952e-02  5.30730445e-03 -1.74952717e-02 -4.85687211e-03  1.00929814e-03 -1.69549543e-03 -5.65551183e-03 -5.04692696e-03 -5.12790847e-03 -8.01171698e-04 -1.52446754e-03 -1.73738577e-03  7.17915553e-03  7.64953639e-04  2.63565081e-03  7.15315569e-04 -4.50349646e-03  3.07675927e-03 -1.20835491e-03
 1.23887780e+01 -3.50463887e-02  5.15081930e-03 -1.68499603e-02 -4.68799808e-03  1.02255646e-03 -1.58123006e-03 -5.60148598e-03 -5.18937110e-03 -5.20510296e-03 -1.00132364e-03 -1.47999998e-03 -1.67286249e-03  7.10890389e-03  8.44605009e-04  2.78025596e-03  7.37192330e-04 -4.60346321e-03  2.92034245e-03 -1.03862506e-03
 1.24408820e+01 -3.40872236e-02  4.99324713e-03 -1.62240318e-02 -4.51676377e-03  1.02932332e-03 -1.46443301e-03 -5.52710969e-03 -5.32303764e-03 -5.28752472e-03 -1.20148484e-03 -1.41858910e-03 -1.61957207e-03  7.03495662e-03  9.21952816e-04  2.91881236e-03  7.49928825e-04 -4.71036111e-03  2.75551170e-03 -8.69918022e-04
 1.24929860e+01 -3.31615925e-02  4.83543867e-03 -1.56171043e-02 -4.34417259e-03  1.03068373e-03 -1.34563650e-03 -5.43268662e-03 -5.44684666e-03 -5.37472975e-03 -1.39984011e-03 -1.34184568e-03 -1.57731504e-03  6.95799101e-03  9.95769783e-04  3.04943889e-03  7.52967465e-04 -4.82349269e-03  2.58398465e-03 -7.02931984e-04
 1.25450900e+01 -3.22672831e-02  4.67828859e-03 -1.50288797e-02 -4.17128160e-03  1.02781232e-03 -1.22541839e-03 -5.31878584e-03 -5.55981152e-03 -5.46618120e-03 -1.59458575e-03 -1.25154445e-03 -1.54577189e-03  6.87864996e-03  1.06486519e-03  3.17034853e-03  7.45838334e-04 -4.94208272e-03  2.40755727e-03 -5.38350041e-04
 1.25971940e+01 -3.14021733e-02  4.52271671e-03 -1.44591252e-02 -3.99918049e-03  1.02196302e-03 -1.10439483e-03 -5.18623342e-03 -5.66105609e-03 -5.56125617e-03 -1.78395345e-03 -1.14959504e-03 -1.52450776e-03  6.79753921e-03  1.12810516e-03  3.27987454e-03  7.28166347e-04 -5.06529178e-03  2.22807807e-03 -3.76833279e-04
 1.26492990e+01 -3.05642305e-02  4.36964845e-03 -1.39076545e-02 -3.82897043e-03  1.01445628e-03 -9.83212181e-04 -5.03609823e-03 -5.74982930e-03 -5.65925438e-03 -1.96623349e-03 -1.03800990e-03 -1.51297977e-03  6.71522532e-03  1.18443185e-03  3.37649399e-03  6.99676008e-04 -5.19223094e-03  2.04742049e-03 -2.19014047e-04
 1.27014030e+01 -2.97515870e-02  4.22000949e-03 -1.33743618e-02 -3.66175939e-03  1.00666526e-03 -8.62549949e-04 -4.86968930e-03 -5.82550990e-03 -5.75939871e-03 -2.13977984e-03 -9.18882415e-04 -1.51054658e-03  6.63224239e-03  1.23287657e-03  3.45884037e-03  6.60197870e-04 -5.32196434e-03  1.86747181e-03 -6.55041406e-05
 1.27535070e+01 -2.89624546e-02  4.07469093e-03 -1.28591477e-02 -3.49862511e-03  9.99998711e-04 -7.43099871e-04 -4.68852076e-03 -5.88762610e-03 -5.86085597e-03 -2.30304940e-03 -7.94342826e-04 -1.51647714e-03  6.54908363e-03  1.27258242e-03  3.52573240e-03  6.09667933e-04 -5.45353648e-03  1.69008672e-03  8.31273387e-05
 1.28056110e+01 -2.81951978e-02  3.93454416e-03 -1.23619516e-02 -3.34061149e-03  9.95883873e-04 -6.25567843e-04 -4.49430248e-03 -5.93585597e-03 -5.96274013e-03 -2.45460495e-03 -6.66535579e-04 -1.52996296e-03  6.46620940e-03  1.30281450e-03  3.57618137e-03  5.48130859e-04 -5.58597507e-03  1.51707552e-03  2.26345779e-04
 1.28577150e+01 -2.74483239e-02  3.80036163e-03 -1.18827290e-02 -3.18870943e-03  9.95747332e-04 -5.10663790e-04 -4.28891417e-03 -5.97003448e-03 -6.06412595e-03 -2.59313474e-03 -5.37586646e-04 -1.55012986e-03  6.38404777e-03  1.32297407e-03  3.60940556e-03  4.75739342e-04 -5.71830591e-03  1.35017513e-03  3.63658139e-04
 1.29098200e+01 -2.67204734e-02  3.67285899e-03 -1.14214315e-02 -3.04383930e-03  1.00099520e-03 -3.99091451e-04 -4.07437574e-03 -5.99015678e-03 -6.16406376e-03 -2.71746930e-03 -4.09571413e-04 -1.57605133e-03  6.30299552e-03  1.33260964e-03  3.62483985e-03  3.92750821e-04 -5.84956765e-03  1.19102109e-03  4.94619385e-04
 1.29619240e+01 -2.60104775e-02  3.55267072e-03 -1.09780295e-02 -2.90684839e-03  1.01299188e-03 -2.91548553e-04 -3.85283675e-03 -5.99637763e-03 -6.26158545e-03 -2.82658542e-03 -2.84496192e-04 -1.60675976e-03  6.22342703e-03  1.33142534e-03  3.62214132e-03  2.99531112e-04 -5.97881355e-03  1.04113570e-03  6.18826461e-04
 1.30140280e+01 -2.53172744e-02  3.44032278e-03 -1.05524473e-02 -2.77848209e-03  1.03303960e-03 -1.88705508e-04 -3.62652291e-03 -5.98901213e-03 -6.35573033e-03 -2.91963194e-03 -1.64256880e-04 -1.64126301e-03  6.14568776e-03  1.31928860e-03  3.60119451e-03  1.96540634e-04 -6.10513797e-03  9.01886962e-04  7.35937152e-04
 1.30661320e+01 -2.46399630e-02  3.33623189e-03 -1.01445880e-02 -2.65938469e-03  1.06235702e-03 -9.12056279e-05 -3.39772272e-03 -5.96853002e-03 -6.44555220e-03 -2.99592977e-03 -5.06244593e-05 -1.67855627e-03  6.07010328e-03  1.29623327e-03  3.56211009e-03  8.43352103e-05 -6.22767701e-03  7.74480081e-04  8.45663470e-04
 1.31182360e+01 -2.39777853e-02  3.24069420e-03 -9.75431341e-03 -2.55008767e-03  1.10205857e-03  3.45373452e-07 -3.16875301e-03 -5.93555022e-03 -6.53013624e-03 -3.05498235e-03  5.47794146e-05 -1.71763596e-03  5.99698034e-03  1.26246143e-03  3.50522251e-03 -3.64418398e-05 -6.34562106e-03  6.59935524e-04  9.47777552e-04
 1.31703410e+01 -2.33301073e-02  3.15387734e-03 -9.38142772e-03 -2.45100094e-03  1.15313564e-03  8.53890245e-05 -2.94192425e-03 -5.89083169e-03 -6.60861549e-03 -3.09648224e-03  1.50503322e-04 -1.75751372e-03  5.92660796e-03  1.21834132e-03  3.43108255e-03 -1.65069554e-04 -6.45822608e-03  5.59070857e-04  1.04211639e-03
 1.32224450e+01 -2.26964620e-02  3.07582272e-03 -9.02569781e-03 -2.36241510e-03  1.21643363e-03  1.63415424e-04 -2.71952753e-03 -5.83526714e-03 -6.68017960e-03 -3.12031228e-03  2.35275111e-04 -1.79722591e-03  5.85926491e-03  1.16440720e-03  3.34045447e-03 -3.00747368e-04 -6.56481332e-03  4.72494627e-04  1.12857733e-03
 1.32745490e+01 -2.20764651e-02  3.00643387e-03 -8.68680359e-03 -2.28448686e-03  1.29264054e-03  2.33980315e-04 -2.50377893e-03 -5.76986604e-03 -6.74409814e-03 -3.12655216e-03  3.08025976e-04 -1.83585002e-03  5.79521335e-03  1.10134784e-03  3.23429595e-03 -4.42618608e-04 -6.66478953e-03  4.00584162e-04  1.20713114e-03
 1.33266530e+01 -2.14698557e-02  2.94548409e-03 -8.36436217e-03 -2.21724552e-03  1.38226804e-03  2.96705099e-04 -2.29680843e-03 -5.69574461e-03 -6.79972783e-03 -3.11547459e-03  3.67892626e-04 -1.87251253e-03  5.73470565e-03  1.03000086e-03  3.11374918e-03 -5.89769858e-04 -6.75764426e-03  3.43486299e-04  1.27781620e-03
 1.33787580e+01 -2.08764613e-02  2.89261691e-03 -8.05791189e-03 -2.16059064e-03  1.48564135e-03  3.51285507e-04 -2.10062484e-03 -5.61410889e-03 -6.84652730e-03 -3.08754307e-03  4.14226332e-04 -1.90640000e-03  5.67798282e-03  9.51339077e-04  2.98012046e-03 -7.41245681e-04 -6.84295856e-03  3.01110792e-04  1.34074262e-03
 1.34308620e+01 -2.02962312e-02  2.84735567e-03 -7.76693465e-03 -2.11429869e-03  1.60288059e-03  3.97492778e-04 -1.91710546e-03 -5.52624555e-03 -6.88406484e-03 -3.04340966e-03  4.46592610e-04 -1.93676506e-03  5.62527934e-03  8.66463153e-04  2.83487204e-03 -8.96046427e-04 -6.92040220e-03  2.73133000e-04  1.39608803e-03
 1.34829660e+01 -1.97291570e-02  2.80910522e-03 -7.49082180e-03 -2.07802083e-03  1.73390507e-03  4.35184298e-04 -1.74795023e-03 -5.43349609e-03 -6.91203338e-03 -2.98390487e-03  4.64776220e-04 -1.96293753e-03  5.57681659e-03  7.76576912e-04  2.67958628e-03 -1.05315522e-03 -6.98974579e-03  2.58992379e-04  1.44410452e-03
 1.35350700e+01 -1.91753050e-02  2.77716610e-03 -7.22890127e-03 -2.05129348e-03  1.87842111e-03  4.64302643e-04 -1.59467639e-03 -5.33724614e-03 -6.93025472e-03 -2.91003044e-03  4.68773737e-04 -1.98432746e-03  5.53280693e-03  6.82975914e-04  2.51595374e-03 -1.21153581e-03 -7.05085506e-03  2.57903011e-04  1.48511280e-03
 1.35871740e+01 -1.86347935e-02  2.75074521e-03 -6.98043671e-03 -2.03354470e-03  2.03592262e-03  4.84879086e-04 -1.45859649e-03 -5.23890684e-03 -6.93868656e-03 -2.82294795e-03  4.58787892e-04 -2.00043010e-03  5.49345179e-03  5.87027140e-04  2.34574773e-03 -1.37014456e-03 -7.10369213e-03  2.68863226e-04  1.51950180e-03
 1.36392790e+01 -1.81077701e-02  2.72896884e-03 -6.74463023e-03 -2.02410319e-03  2.20569658e-03  4.97035066e-04 -1.34080112e-03 -5.13989590e-03 -6.93742645e-03 -2.72396373e-03  4.35217423e-04 -2.01082880e-03  5.45893995e-03  4.90147079e-04  2.17079692e-03 -1.52794236e-03 -7.14831448e-03  2.90670133e-04  1.54772670e-03
 1.36913830e+01 -1.75944403e-02  2.71089903e-03 -6.52064913e-03 -2.02220913e-03  2.38681527e-03  5.00981634e-04 -1.24215539e-03 -5.04162834e-03 -6.92671404e-03 -2.61452186e-03  3.98646921e-04 -2.01519565e-03  5.42944873e-03  3.93788261e-04  1.99297461e-03 -1.68389096e-03 -7.18486852e-03  3.21935012e-04  1.57030375e-03
 1.37434870e+01 -1.70949957e-02  2.69554682e-03 -6.30760907e-03 -2.02702471e-03  2.57816475e-03  4.97019946e-04 -1.16327627e-03 -4.94548886e-03 -6.90693065e-03 -2.49617616e-03  3.49829512e-04 -2.01329247e-03  5.40513836e-03  2.99406617e-04  1.81415397e-03 -1.83697915e-03 -7.21359027e-03  3.61106134e-04  1.58780956e-03
 1.37955910e+01 -1.66096439e-02  2.68189056e-03 -6.10460393e-03 -2.03764730e-03  2.77844430e-03  4.85538144e-04 -1.10453612e-03 -4.85282380e-03 -6.87859674e-03 -2.37057956e-03  2.89671764e-04 -2.00496840e-03  5.38615300e-03  2.08447327e-04  1.63619724e-03 -1.98621819e-03 -7.23479601e-03  4.06490238e-04  1.60087422e-03
 1.38476950e+01 -1.61385888e-02  2.66889234e-03 -5.91071374e-03 -2.05312247e-03  2.98618488e-03  4.67008540e-04 -1.06605761e-03 -4.76492468e-03 -6.84236723e-03 -2.23946303e-03  2.19214978e-04 -1.99015731e-03  5.37261815e-03  1.22321553e-04  1.46092863e-03 -2.13065185e-03 -7.24887631e-03  4.56278141e-04  1.61017655e-03
 1.38998000e+01 -1.56820125e-02  2.65551468e-03 -5.72501425e-03 -2.07245804e-03  3.19977160e-03  4.41982872e-04 -1.04771410e-03 -4.68301316e-03 -6.79902379e-03 -2.10461258e-03  1.39613838e-04 -1.96887330e-03  5.36463868e-03  4.23841102e-05  1.29010837e-03 -2.26936560e-03 -7.25628819e-03  5.08572970e-04  1.61643824e-03
 1.39519040e+01 -1.52401019e-02  2.64073828e-03 -5.54660441e-03 -2.09463663e-03  3.41744818e-03  4.11089121e-04 -1.04913433e-03 -4.60823489e-03 -6.74946931e-03 -1.96785853e-03  5.21219374e-05 -1.94120740e-03  5.36229750e-03 -3.00804890e-05  1.12542404e-03 -2.40148203e-03 -7.25754572e-03  5.61414780e-04  1.62041693e-03
 1.40040080e+01 -1.48129893e-02  2.62357665e-03 -5.37459840e-03 -2.11863208e-03  3.63736482e-03  3.75022420e-04 -1.06970705e-03 -4.54163918e-03 -6.69471197e-03 -1.83103828e-03 -4.19388242e-05 -1.90731912e-03  5.36565291e-03 -9.38860441e-05  9.68450704e-04 -2.52618254e-03 -7.25321121e-03  6.12816337e-04  1.62289978e-03
 1.40561120e+01 -1.44007807e-02  2.60309237e-03 -5.20815294e-03 -2.14342217e-03  3.85758720e-03  3.34539789e-04 -1.10859241e-03 -4.48417593e-03 -6.63585581e-03 -1.69598472e-03 -1.41193964e-04 -1.86743125e-03  5.37473774e-03 -1.47955641e-04  8.20645677e-04 -2.64270161e-03 -7.24388420e-03  6.60789312e-04  1.62469558e-03
 1.41082160e+01 -1.40035422e-02  2.57841098e-03 -5.04647583e-03 -2.16800276e-03  4.07612720e-03  2.90451856e-04 -1.16473379e-03 -4.43668607e-03 -6.57408562e-03 -1.56450182e-03 -2.44239472e-04 -1.82182215e-03  5.38955781e-03 -1.91338734e-04  6.83328650e-04 -2.75033425e-03 -7.23019086e-03  7.03375496e-04  1.62662700e-03
 1.41603210e+01 -1.36212873e-02  2.54873312e-03 -4.88883415e-03 -2.19140166e-03  4.29097488e-03  2.43613388e-04 -1.23687417e-03 -4.39989461e-03 -6.51065009e-03 -1.43834077e-03 -3.49665050e-04 -1.77081695e-03  5.41009122e-03 -2.23225126e-04  5.57664979e-04 -2.84844213e-03 -7.21277266e-03  7.38677133e-04  1.62952267e-03
 1.42124250e+01 -1.32540033e-02  2.51334810e-03 -4.73457617e-03 -2.21268955e-03  4.50011050e-03  1.94917837e-04 -1.32356745e-03 -4.37440838e-03 -6.44684996e-03 -1.31918878e-03 -4.56066461e-04 -1.71478358e-03  5.43628586e-03 -2.42954013e-04  4.44662950e-04 -2.93645014e-03 -7.19227664e-03  7.64883114e-04  1.63420871e-03
 1.42645290e+01 -1.29016037e-02  2.47163989e-03 -4.58312151e-03 -2.23099461e-03  4.70155790e-03  1.45282360e-04 -1.42320599e-03 -4.36070857e-03 -6.38401308e-03 -1.20863453e-03 -5.62077182e-04 -1.65411871e-03  5.46806120e-03 -2.50026603e-04  3.45149515e-04 -3.01386132e-03 -7.16934243e-03  7.80300423e-04  1.64150082e-03
 1.43166330e+01 -1.25639559e-02  2.42309692e-03 -4.43397986e-03 -2.24551165e-03  4.89339618e-03  9.56415063e-05 -1.53403632e-03 -4.35915201e-03 -6.32348114e-03 -1.10815939e-03 -6.66378555e-04 -1.58924345e-03  5.50530665e-03 -2.44109899e-04  2.59772883e-04 -3.08025240e-03 -7.14459291e-03  7.83376697e-04  1.65219592e-03
 1.43687370e+01 -1.22408727e-02  2.36731713e-03 -4.28675268e-03 -2.25551240e-03  5.07379132e-03  4.69362899e-05 -1.65418283e-03 -4.36997007e-03 -6.26659007e-03 -1.01911769e-03 -7.67718531e-04 -1.52059455e-03  5.54788189e-03 -2.25041353e-04  1.88995199e-04 -3.13527865e-03 -7.11862377e-03  7.72724159e-04  1.66706414e-03
 1.44208420e+01 -1.19321060e-02  2.30401029e-03 -4.14113304e-03 -2.26035416e-03  5.24102543e-03  1.03203930e-07 -1.78167391e-03 -4.39327036e-03 -6.21465069e-03 -9.42719943e-04 -8.64928578e-04 -1.44861540e-03  5.59561832e-03 -1.92829528e-04  1.33089337e-04 -3.17867724e-03 -7.09199361e-03  7.47139523e-04  1.68684153e-03
 1.44729460e+01 -1.16373700e-02  2.23300462e-03 -3.99691751e-03 -2.25948684e-03  5.39350874e-03 -4.39322425e-05 -1.91445651e-03 -4.42903716e-03 -6.16893462e-03 -8.80024857e-04 -9.56929566e-04 -1.37375438e-03  5.64831591e-03 -1.47655696e-04  9.21431011e-05 -3.21026629e-03 -7.06521744e-03  7.05623868e-04  1.71222101e-03
 1.45250500e+01 -1.13563066e-02  2.15423914e-03 -3.85398801e-03 -2.25245940e-03  5.52982137e-03 -8.42707603e-05 -2.05043606e-03 -4.47713767e-03 -6.13065084e-03 -8.31919096e-04 -1.04275437e-03 -1.29645002e-03  5.70574969e-03 -8.98665493e-05  6.60554135e-05 -3.22995173e-03 -7.03875608e-03  6.47394164e-04  1.74384764e-03
 1.45771540e+01 -1.10885109e-02  2.06776615e-03 -3.71231971e-03 -2.23892385e-03  5.64872024e-03 -1.20045113e-04 -2.18749207e-03 -4.53732524e-03 -6.10093322e-03 -7.99114194e-04 -1.12154967e-03 -1.21713038e-03  5.76766737e-03 -1.99704993e-05  5.45458347e-05 -3.23772517e-03 -7.01301184e-03  5.71896014e-04  1.78231073e-03
 1.46292590e+01 -1.08335225e-02  1.97374415e-03 -3.57197041e-03 -2.21863793e-03  5.74916162e-03 -1.50430599e-04 -2.32350851e-03 -4.60924695e-03 -6.08082380e-03 -7.82137951e-04 -1.19258657e-03 -1.13620480e-03  5.83379290e-03  6.13726080e-05  5.71606659e-05 -3.23366561e-03 -6.98832248e-03  4.78808954e-04  1.82813923e-03
 1.46813630e+01 -1.05908467e-02  1.87243958e-03 -3.43308437e-03 -2.19146825e-03  5.83030819e-03 -1.74651306e-04 -2.45638843e-03 -4.69244439e-03 -6.07126011e-03 -7.81331025e-04 -1.25526059e-03 -1.05406554e-03  5.90382298e-03  1.53355184e-04  7.32816479e-05 -3.21794042e-03 -6.96495931e-03  3.68058001e-04  1.88179278e-03
 1.47334670e+01 -1.03599292e-02  1.76420878e-03 -3.29586775e-03 -2.15738803e-03  5.89155203e-03 -1.91991468e-04 -2.58409410e-03 -4.78636934e-03 -6.07306033e-03 -7.96843022e-04 -1.30910334e-03 -9.71074565e-04  5.97743633e-03  2.55043276e-04  1.02137315e-04 -3.19080481e-03 -6.94312201e-03  2.39803455e-04  1.94366241e-03
 1.47855710e+01 -1.01401786e-02  1.64949674e-03 -3.16058973e-03 -2.11647710e-03  5.93251464e-03 -2.01800118e-04 -2.70466012e-03 -4.89038641e-03 -6.08691420e-03 -8.28634627e-04 -1.35377834e-03 -8.87566646e-04  6.05429062e-03  3.65384120e-04  1.42815749e-04 -3.15260121e-03 -6.92293966e-03  9.44447440e-05  2.01406324e-03
 1.48376750e+01 -9.93096620e-03  1.52882576e-03 -3.02756901e-03 -2.06891877e-03  5.95305389e-03 -2.03498031e-04 -2.81621850e-03 -5.00378279e-03 -6.11337370e-03 -8.76480042e-04 -1.38908217e-03 -8.03845472e-04  6.13402556e-03  4.83222558e-04  1.94278642e-04 -3.10375796e-03 -6.90447076e-03 -6.73875152e-05  2.09323222e-03
 1.48897800e+01 -9.73162622e-03  1.40278269e-03 -2.89715977e-03 -2.01499461e-03  5.95326536e-03 -1.96582953e-04 -2.91702163e-03 -5.12577954e-03 -6.15284692e-03 -9.39973602e-04 -1.41494284e-03 -7.20180469e-04  6.21626647e-03  6.07319539e-04  2.55377914e-04 -3.04478613e-03 -6.88770490e-03 -2.44844577e-04  2.18132744e-03
 1.49418840e+01 -9.54147633e-03  1.27201762e-03 -2.76974959e-03 -1.95508342e-03  5.93348098e-03 -1.80634848e-04 -3.00545430e-03 -5.25553109e-03 -6.20558981e-03 -1.01853204e-03 -1.43141435e-03 -6.36812357e-04  6.30061987e-03  7.36359387e-04  3.24867179e-04 -2.97628144e-03 -6.87256729e-03 -4.36858124e-04  2.27841964e-03
 1.49939880e+01 -9.35979987e-03  1.13721798e-03 -2.64573199e-03 -1.88964847e-03  5.89426416e-03 -1.55318733e-04 -3.08006317e-03 -5.39214866e-03 -6.27170789e-03 -1.11141134e-03 -1.43867466e-03 -5.53943323e-04  6.38668492e-03  8.68981629e-04  4.01425907e-04 -2.89891404e-03 -6.85892139e-03 -6.42175923e-04  2.38450147e-03
 1.50460920e+01 -9.18586714e-03  9.99106429e-04 -2.52550428e-03 -1.81923409e-03  5.83640145e-03 -1.20387709e-04 -3.13956471e-03 -5.53470031e-03 -6.35115256e-03 -1.21771352e-03 -1.43701721e-03 -4.71743899e-04  6.47404902e-03  1.00378938e-03  4.83672476e-04 -2.81342856e-03 -6.84657601e-03 -8.59366100e-04  2.49948073e-03
 1.50981960e+01 -9.01893755e-03  8.58426873e-04 -2.40945291e-03 -1.74445625e-03  5.76089206e-03 -7.56846429e-05 -3.18286105e-03 -5.68222245e-03 -6.44372297e-03 -1.33640074e-03 -1.42684401e-03 -3.90352385e-04  6.56229117e-03  1.13936957e-03  5.70183112e-04 -2.72063815e-03 -6.83529170e-03 -1.08684011e-03  2.62318264e-03
 1.51503010e+01 -8.85826294e-03  7.15930268e-04 -2.29793995e-03 -1.66599190e-03  5.66893254e-03 -2.11418205e-05 -3.20905196e-03 -5.83373192e-03 -6.54907122e-03 -1.46631244e-03 -1.40865686e-03 -3.09874851e-04  6.65098545e-03  1.27431318e-03  6.59511501e-04 -2.62141674e-03 -6.82478831e-03 -1.32287880e-03  2.75535373e-03
 1.52024050e+01 -8.70310638e-03  5.72374556e-04 -2.19130082e-03 -1.58457520e-03  5.56190848e-03  4.32148009e-05 -3.21744257e-03 -5.98822316e-03 -6.66669906e-03 -1.60617079e-03 -1.38304965e-03 -2.30393289e-04  6.73969579e-03  1.40722219e-03  7.50199559e-04 -2.51670031e-03 -6.81475415e-03 -1.56563698e-03  2.89565351e-03
 1.52545090e+01 -8.55273039e-03  4.28497731e-04 -2.08982166e-03 -1.50097823e-03  5.44136621e-03  1.17272878e-04 -3.20755343e-03 -6.14469421e-03 -6.79597668e-03 -1.75461238e-03 -1.35069644e-03 -1.51958724e-04  6.82798783e-03  1.53674181e-03  8.40805053e-04 -2.40746833e-03 -6.80485386e-03 -1.81319457e-03  3.04367228e-03
 1.53066130e+01 -8.40641623e-03  2.85018955e-04 -1.99373939e-03 -1.41600622e-03  5.30899994e-03  2.00831531e-04 -3.17912279e-03 -6.30214340e-03 -6.93614322e-03 -1.91019579e-03 -1.31234231e-03 -7.46001021e-05  6.91542350e-03  1.66156584e-03  9.29911450e-04 -2.29474350e-03 -6.79473859e-03 -2.06356317e-03  3.19892437e-03
 1.53587170e+01 -8.26346757e-03  1.42626848e-04 -1.90323220e-03 -1.33048518e-03  5.16662929e-03  2.93604943e-04 -3.13210955e-03 -6.45957996e-03 -7.08631840e-03 -2.07142175e-03 -1.26879243e-03  1.67432270e-06  7.00156409e-03  1.78045407e-03  1.01614552e-03 -2.17958156e-03 -6.78405544e-03 -2.31471540e-03  3.36085432e-03
 1.54108220e+01 -8.12321458e-03  1.96872238e-06 -1.81841208e-03 -1.24524930e-03  5.01617419e-03  3.95227767e-04 -3.06669165e-03 -6.61603426e-03 -7.24551661e-03 -2.23675431e-03 -1.22090016e-03  7.68752908e-05  7.08597317e-03  1.89224795e-03  1.09819386e-03 -2.06306025e-03 -6.77245688e-03 -2.56461456e-03  3.52884445e-03
 1.54629260e+01 -7.98503128e-03 -1.36345742e-04 -1.73932676e-03 -1.16113652e-03  4.85964366e-03  5.05251210e-04 -2.98326901e-03 -6.77055262e-03 -7.41264665e-03 -2.40462604e-03 -1.16955985e-03  1.51023534e-04  7.16821134e-03  1.99587441e-03  1.17481054e-03 -1.94627911e-03 -6.75961119e-03 -2.81121998e-03  3.70220655e-03
 1.55150300e+01 -7.84832570e-03 -2.71766777e-04 -1.66594710e-03 -1.07896789e-03  4.69909511e-03  6.23159419e-04 -2.88245119e-03 -6.92222151e-03 -7.58654302e-03 -2.57347466e-03 -1.11569029e-03  2.24155113e-04  7.24784709e-03  2.09036965e-03  1.24483935e-03 -1.83033651e-03 -6.74521029e-03 -3.05253968e-03  3.88020641e-03
 1.55671340e+01 -7.71255679e-03 -4.03798683e-04 -1.59817234e-03 -9.99543654e-04  4.53662208e-03  7.48367053e-04 -2.76505512e-03 -7.07016109e-03 -7.76596751e-03 -2.74174750e-03 -1.06022750e-03  2.96312293e-04  7.32445144e-03  2.17487974e-03  1.30721877e-03 -1.71632899e-03 -6.72897933e-03 -3.28663412e-03  4.06205658e-03
 1.56192380e+01 -7.57723720e-03 -5.32006471e-04 -1.53582866e-03 -9.23631477e-04  4.37432800e-03  8.80226828e-04 -2.63209489e-03 -7.21353328e-03 -7.94962628e-03 -2.90792108e-03 -1.00411323e-03  3.67541697e-04  7.39760065e-03  2.24867059e-03  1.36099366e-03 -1.60533926e-03 -6.71068456e-03 -3.51164270e-03  4.24692545e-03
 1.56713430e+01 -7.44193584e-03 -6.56021081e-04 -1.47866983e-03 -8.51955546e-04  4.21430000e-03  1.01803831e-03 -2.48476783e-03 -7.35154868e-03 -8.13618795e-03 -3.07051957e-03 -9.48283568e-04  4.37892423e-04  7.46687864e-03  2.31113520e-03  1.40532468e-03 -1.49842451e-03 -6.69014016e-03 -3.72580812e-03  4.43394699e-03
 1.57234470e+01 -7.30629269e-03 -7.75531788e-04 -1.42638466e-03 -7.85192994e-04  4.05859867e-03  1.16104363e-03 -2.32445315e-03 -7.48345989e-03 -8.32428371e-03 -3.22811688e-03 -8.93663326e-04  5.07407553e-04  7.53187284e-03  2.36179363e-03  1.43949217e-03 -1.39661506e-03 -6.66721624e-03 -3.92747893e-03  4.62221290e-03
 1.57755510e+01 -7.17000701e-03 -8.90301368e-04 -1.37859499e-03 -7.23957336e-04  3.90921793e-03  1.30845006e-03 -2.15268046e-03 -7.60858060e-03 -8.51254335e-03 -3.37936856e-03 -8.41150057e-04  5.76129290e-04  7.59218337e-03  2.40030303e-03  1.46290704e-03 -1.30089273e-03 -6.64184182e-03 -4.11515118e-03  4.81080078e-03
 1.58276550e+01 -7.03285077e-03 -1.00015644e-03 -1.33486589e-03 -6.68796561e-04  3.76807684e-03  1.45942642e-03 -1.97112475e-03 -7.72627743e-03 -8.69959521e-03 -3.52301122e-03 -7.91609392e-04  6.44090758e-04  7.64741885e-03  2.42645390e-03  1.47511135e-03 -1.21219031e-03 -6.61401059e-03 -4.28746693e-03  4.99876680e-03
 1.58797600e+01 -6.89466562e-03 -1.10499096e-03 -1.29471070e-03 -6.20184180e-04  3.63699477e-03  1.61311565e-03 -1.78158268e-03 -7.83597672e-03 -8.88408709e-03 -3.65787863e-03 -7.45864678e-04  7.11316046e-04  7.69720002e-03  2.44017120e-03  1.47578196e-03 -1.13137960e-03 -6.58378301e-03 -4.44323446e-03  5.18515983e-03
 1.59318640e+01 -6.75537482e-03 -1.20475658e-03 -1.25760199e-03 -5.78517081e-04  3.51768332e-03  1.76863002e-03 -1.58596880e-03 -7.93715767e-03 -9.06468544e-03 -3.78290063e-03 -7.04692551e-04  7.77812696e-04  7.74115739e-03  2.44151174e-03  1.46473198e-03 -1.05926970e-03 -6.55129045e-03 -4.58142777e-03  5.36901437e-03
 1.59839680e+01 -6.61496782e-03 -1.29947241e-03 -1.22297571e-03 -5.44105133e-04  3.41171479e-03  1.92507600e-03 -1.38627433e-03 -8.02936599e-03 -9.24010936e-03 -3.89712633e-03 -6.68810401e-04  8.43577297e-04  7.77893855e-03  2.43066241e-03  1.44191088e-03 -9.96590552e-04 -6.51673226e-03 -4.70121366e-03  5.54937942e-03
 1.60360720e+01 -6.47351031e-03 -1.38921385e-03 -1.19024378e-03 -5.17171276e-04  3.32051772e-03  2.08154953e-03 -1.18456145e-03 -8.11220578e-03 -9.40912825e-03 -3.99971955e-03 -6.38873377e-04  9.08588420e-04  7.81020586e-03  2.40793424e-03  1.40740279e-03 -9.43992916e-04 -6.48037728e-03 -4.80194654e-03  5.72531143e-03
 1.60881760e+01 -6.33114014e-03 -1.47411120e-03 -1.15880343e-03 -4.97847791e-04  3.24536118e-03  2.23714595e-03 -9.82939194e-04 -8.18534181e-03 -9.57057645e-03 -4.08996617e-03 -6.15467551e-04  9.72806268e-04  7.83463930e-03  2.37375687e-03  1.36142400e-03 -9.02041201e-04 -6.44256125e-03 -4.88317653e-03  5.89588539e-03
 1.61402810e+01 -6.18806220e-03 -1.55434724e-03 -1.12804700e-03 -4.86174476e-04  3.18734250e-03  2.39096979e-03 -7.83538673e-04 -8.24850024e-03 -9.72336622e-03 -4.16727861e-03 -5.99104439e-04  1.03617251e-03  7.85193864e-03  2.32867045e-03  1.30431800e-03 -8.71208263e-04 -6.40368274e-03 -4.94465359e-03  6.06020535e-03
 1.61923850e+01 -6.04455604e-03 -1.63014686e-03 -1.09737507e-03 -4.82098818e-04  3.14738190e-03  2.54212975e-03 -5.88507372e-04 -8.30146337e-03 -9.86648540e-03 -4.23119185e-03 -5.90217613e-04  1.09860432e-03  7.86182442e-03  2.27332120e-03  1.23655507e-03 -8.51873752e-04 -6.36420163e-03 -4.98632422e-03  6.21739935e-03
 1.62444890e+01 -5.90095520e-03 -1.70178178e-03 -1.06620379e-03 -4.85475155e-04  3.12620806e-03  2.68976290e-03 -3.99965155e-04 -8.34407592e-03 -9.99902319e-03 -4.28137279e-03 -5.89157017e-04  1.16000086e-03  7.86404217e-03  2.20844710e-03  1.15871979e-03 -8.44317664e-04 -6.32462891e-03 -5.00833792e-03  6.36664574e-03
 1.62965930e+01 -5.75765304e-03 -1.76955947e-03 -1.03397804e-03 -4.96067318e-04  3.12435692e-03  2.83302921e-03 -2.19998980e-04 -8.37623883e-03 -1.01201654e-02 -4.31761320e-03 -5.96187333e-04  1.22023786e-03  7.85836344e-03  2.13487132e-03  1.07150831e-03 -8.48720966e-04 -6.28552281e-03 -5.01103957e-03  6.50716776e-03
 1.63486970e+01 -5.61509416e-03 -1.83381991e-03 -1.00018149e-03 -5.13551012e-04  3.14216630e-03  2.97112057e-03 -5.06387737e-05 -8.39790920e-03 -1.02292036e-02 -4.33982928e-03 -6.11485317e-04  1.27916856e-03  7.84458881e-03  2.05349090e-03  9.75719578e-04 -8.65163861e-04 -6.24748029e-03 -4.99496674e-03  6.63824387e-03
 1.64008020e+01 -5.47376496e-03 -1.89493165e-03 -9.64346264e-04 -5.37518070e-04  3.17977430e-03  3.10326916e-03  1.06165118e-04 -8.40909895e-03 -1.03255421e-02 -4.34805873e-03 -6.35138818e-04  1.33662492e-03  7.82255019e-03  1.96526392e-03  8.72244773e-04 -8.93626314e-04 -6.21112752e-03 -4.96084330e-03  6.75921701e-03
 1.64529060e+01 -5.33419724e-03 -1.95328219e-03 -9.26065609e-04 -5.67479261e-04  3.23711522e-03  3.22874304e-03  2.48549093e-04 -8.40987261e-03 -1.04086946e-02 -4.34245636e-03 -6.67144078e-04  1.39241360e-03  7.79211561e-03  1.87120503e-03  7.62066173e-04 -9.33986364e-04 -6.17711308e-03 -4.90957531e-03  6.86949224e-03
 1.65050100e+01 -5.19694397e-03 -2.00927994e-03 -8.84999158e-04 -6.02872823e-04  3.31392476e-03  3.34686676e-03  3.74772515e-04 -8.40034703e-03 -1.04782990e-02 -4.32329031e-03 -7.07408508e-04  1.44632329e-03  7.75318991e-03  1.77236347e-03  6.46235369e-04 -9.86024959e-04 -6.14609344e-03 -4.84223886e-03  6.96855729e-03
 1.65571140e+01 -5.06258176e-03 -2.06334446e-03 -8.40884283e-04 -6.43069455e-04  3.40973982e-03  3.45701625e-03  4.83222555e-04 -8.38068886e-03 -1.05341117e-02 -4.29093575e-03 -7.55749892e-04  1.49812139e-03  7.70571948e-03  1.66981800e-03  5.25870710e-04 -1.04942631e-03 -6.11872491e-03 -4.76007289e-03  7.05597925e-03
 1.66092180e+01 -4.93169945e-03 -2.11590274e-03 -7.93543287e-04 -6.87380328e-04  3.52390283e-03  3.55862638e-03  5.72433466e-04 -8.35111344e-03 -1.05760116e-02 -4.24586929e-03 -8.11898423e-04  1.54755658e-03  7.64969544e-03  1.56466342e-03  4.02144557e-04 -1.12378130e-03 -6.09565153e-03 -4.66446826e-03  7.13141285e-03
 1.66613230e+01 -4.80488654e-03 -2.16738530e-03 -7.42889331e-04 -7.35066476e-04  3.65556968e-03  3.65119738e-03  6.41102732e-04 -8.31188270e-03 -1.06040006e-02 -4.18866141e-03 -8.75500462e-04  1.59436160e-03  7.58515592e-03  1.45799688e-03  2.76269617e-04 -1.20859284e-03 -6.07749310e-03 -4.55695417e-03  7.19460705e-03
 1.67134270e+01 -4.68273370e-03 -2.21821756e-03 -6.88936266e-04 -7.85344270e-04  3.80370570e-03  3.73429250e-03  6.88100091e-04 -8.26330734e-03 -1.06182026e-02 -4.11997466e-03 -9.46116789e-04  1.63825208e-03  7.51219493e-03  1.35091475e-03  1.49497091e-04 -1.30327318e-03 -6.06483461e-03 -4.43919452e-03  7.24540539e-03
 1.67655310e+01 -4.56580876e-03 -2.26882110e-03 -6.31797509e-04 -8.37400835e-04  3.96710861e-03  3.80755317e-03  7.12488229e-04 -8.20574148e-03 -1.06188658e-02 -4.04055041e-03 -1.02323404e-03  1.67893479e-03  7.43095885e-03  1.24448938e-03  2.30902965e-05 -1.40715823e-03 -6.05821216e-03 -4.31296260e-03  7.28375778e-03
 1.68176350e+01 -4.45465721e-03 -2.31960527e-03 -5.71693272e-04 -8.90400919e-04  4.14440760e-03  3.87069605e-03  7.13528678e-04 -8.13958504e-03 -1.06063600e-02 -3.95120655e-03 -1.10626489e-03  1.71610738e-03  7.34165517e-03  1.13976681e-03 -1.01677754e-04 -1.51950591e-03 -6.05810263e-03 -4.18013560e-03  7.30971922e-03
 1.68697390e+01 -4.34979056e-03 -2.37096390e-03 -5.08951603e-04 -9.43498774e-04  4.33407557e-03  3.92351924e-03  6.90693811e-04 -8.06528292e-03 -1.05811754e-02 -3.85283019e-03 -1.19455487e-03  1.74946337e-03  7.24455551e-03  1.03775500e-03 -2.23539009e-04 -1.63950266e-03 -6.06491169e-03 -4.04267873e-03  7.32345448e-03
 1.69218440e+01 -4.25167550e-03 -2.42327221e-03 -4.44007522e-04 -9.95850538e-04  4.53444411e-03  3.96590736e-03  6.43675108e-04 -7.98332364e-03 -1.05439207e-02 -3.74636960e-03 -1.28739080e-03  1.77869736e-03  7.13999772e-03  9.39412949e-04 -3.41244988e-04 -1.76627073e-03 -6.07896289e-03 -3.90262802e-03  7.32524048e-03
 1.69739480e+01 -4.16073260e-03 -2.47687891e-03 -3.77406730e-04 -1.04662190e-03  4.74369972e-03  3.99783292e-03  5.72395616e-04 -7.89424649e-03 -1.04953248e-02 -3.63283712e-03 -1.38400083e-03  1.80350831e-03  7.02839837e-03  8.45649987e-04 -4.53570331e-04 -1.89886308e-03 -6.10048573e-03 -3.76208629e-03  7.31546818e-03
 1.70260520e+01 -4.07731660e-03 -2.53210861e-03 -3.09794915e-04 -1.09500599e-03  4.95991978e-03  4.01936572e-03  4.77012026e-04 -7.79863321e-03 -1.04362305e-02 -3.51329202e-03 -1.48357329e-03  1.82360926e-03  6.91024502e-03  7.57307241e-04 -5.59338986e-04 -2.03628248e-03 -6.12960729e-03 -3.62319176e-03  7.29464375e-03
 1.70781560e+01 -4.00171616e-03 -2.58925450e-03 -2.41917451e-04 -1.14023121e-03  5.18107094e-03  4.03067425e-03  3.57924496e-04 -7.69711591e-03 -1.03675958e-02 -3.38884456e-03 -1.58525854e-03  1.83873216e-03  6.78610847e-03  6.75159083e-04 -6.57427715e-04 -2.17747584e-03 -6.16634202e-03 -3.48811334e-03  7.26338828e-03
 1.71302610e+01 -3.93414320e-03 -2.64857754e-03 -1.74609387e-04 -1.18157480e-03  5.40503167e-03  4.03203151e-03  2.15779051e-04 -7.59037567e-03 -1.02904904e-02 -3.26064831e-03 -1.68818231e-03  1.84863687e-03  6.65664276e-03  5.99904780e-04 -7.46782707e-04 -2.32134269e-03 -6.21058463e-03 -3.35902971e-03  7.22243616e-03
 1.71823650e+01 -3.87473095e-03 -2.71029929e-03 -1.08790680e-04 -1.21837125e-03  5.62959025e-03  4.02382062e-03  5.14844561e-05 -7.47915375e-03 -1.02061009e-02 -3.12990801e-03 -1.79144812e-03  1.85311993e-03  6.52259956e-03  5.32170285e-04 -8.26425602e-04 -2.46672668e-03 -6.26209936e-03 -3.23812309e-03  7.17263658e-03
 1.72344690e+01 -3.82351968e-03 -2.77460666e-03 -4.54458215e-05 -1.25002831e-03  5.85248660e-03  4.00654079e-03 -1.33799018e-04 -7.36424266e-03 -1.01157208e-02 -2.99786375e-03 -1.89416025e-03  1.85202622e-03  6.38481759e-03  4.72496953e-04 -8.95476528e-04 -2.61243371e-03 -6.32051914e-03 -3.12754793e-03  7.11494595e-03
 1.72865730e+01 -3.78045609e-03 -2.84164587e-03  1.43864267e-05 -1.27603435e-03  6.07141193e-03  3.98081351e-03 -3.38644096e-04 -7.24649846e-03 -1.00207568e-02 -2.86580104e-03 -1.99542758e-03  1.84526018e-03  6.24423679e-03  4.21346194e-04 -9.53159765e-04 -2.75722136e-03 -6.38533777e-03 -3.02942435e-03  7.05042683e-03
 1.73386770e+01 -3.74538647e-03 -2.91152270e-03  6.96329295e-05 -1.29596914e-03  6.28403052e-03  3.94738975e-03 -5.61353951e-04 -7.12684354e-03 -9.92272744e-03 -2.73504998e-03 -2.09437786e-03  1.83279941e-03  6.10190007e-03  3.79098050e-04 -9.98818256e-04 -2.89980068e-03 -6.45590756e-03 -2.94581857e-03  6.98024221e-03
 1.73907820e+01 -3.71805130e-03 -2.98430385e-03  1.19209042e-04 -1.30951324e-03  6.48800187e-03  3.90715690e-03 -7.99961614e-04 -7.00626979e-03 -9.82326277e-03 -2.60698593e-03 -2.19017252e-03  1.81470945e-03  5.95895463e-03  3.46052156e-04 -1.03192680e-03 -3.03883633e-03 -6.53143941e-03 -2.87872448e-03  6.90564783e-03
 1.74428860e+01 -3.69808259e-03 -3.06001211e-03  1.62040539e-04 -1.31645515e-03  6.68098431e-03  3.86115071e-03 -1.05220554e-03 -6.88585416e-03 -9.72411371e-03 -2.48304395e-03 -2.28201278e-03  1.79116204e-03  5.81666686e-03  3.22433053e-04 -1.05210242e-03 -3.17293187e-03 -6.61099712e-03 -2.83005062e-03  6.82799053e-03
 1.74949900e+01 -3.68499657e-03 -3.13863657e-03  1.97098925e-04 -1.31669991e-03  6.86067848e-03  3.81056012e-03 -1.31555063e-03 -6.76675171e-03 -9.62714371e-03 -2.36471025e-03 -2.36916467e-03  1.76245178e-03  5.67640950e-03  3.08390790e-04 -1.05912077e-03 -3.30063968e-03 -6.69350825e-03 -2.80159421e-03  6.74869110e-03
 1.75470940e+01 -3.67819197e-03 -3.22013016e-03  2.23431305e-04 -1.31027360e-03  7.02483225e-03  3.75674086e-03 -1.58716272e-03 -6.65021262e-03 -9.53434018e-03 -2.25354012e-03 -2.45096594e-03  1.72901816e-03  5.53967610e-03  3.04009560e-04 -1.05292593e-03 -3.42044202e-03 -6.77776244e-03 -2.79502784e-03  6.66924010e-03
 1.75991980e+01 -3.67694563e-03 -3.30441544e-03  2.40199750e-04 -1.29732781e-03  7.17126640e-03  3.70122646e-03 -1.86390432e-03 -6.53758844e-03 -9.44781763e-03 -2.15116522e-03 -2.52684256e-03  1.69146816e-03  5.40808134e-03  3.09314380e-04 -1.03364366e-03 -3.53074337e-03 -6.86241901e-03 -2.81187860e-03  6.59118552e-03
 1.76513030e+01 -3.68040882e-03 -3.39139224e-03  2.46724548e-04 -1.27814187e-03  7.29789944e-03  3.64574005e-03 -2.14232988e-03 -6.43033939e-03 -9.36982228e-03 -2.05930360e-03 -2.59632493e-03  1.65060067e-03  5.28336156e-03  3.24280382e-04 -1.00159308e-03 -3.62985932e-03 -6.94601676e-03 -2.85350908e-03  6.51611915e-03
 1.77034070e+01 -3.68760305e-03 -3.48093863e-03  2.42532329e-04 -1.25312514e-03  7.40276195e-03  3.59221284e-03 -2.41865254e-03 -6.33005264e-03 -9.30274519e-03 -1.97978009e-03 -2.65905771e-03  1.60743726e-03  5.16738652e-03  3.48841881e-04 -9.57301695e-04 -3.71599371e-03 -7.02697817e-03 -2.92109286e-03  6.44566891e-03
 1.77555110e+01 -3.69741625e-03 -3.57293057e-03  2.27410789e-04 -1.22281373e-03  7.48403581e-03  3.54279321e-03 -2.68876258e-03 -6.23844077e-03 -9.24912170e-03 -1.91453117e-03 -2.71482294e-03  1.56324765e-03  5.06214690e-03  3.82905989e-04 -9.01513866e-04 -3.78723189e-03 -7.10363190e-03 -3.01559765e-03  6.38147568e-03
 1.78076150e+01 -3.70859798e-03 -3.66724701e-03  2.01467822e-04 -1.18786863e-03  7.54006991e-03  3.49986794e-03 -2.94819015e-03 -6.15736183e-03 -9.21164744e-03 -1.86562979e-03 -2.76354957e-03  1.51958553e-03  4.96976542e-03  4.26364999e-04 -8.35205088e-04 -3.84151168e-03 -7.17422162e-03 -3.13776009e-03  6.32518345e-03
 1.78597190e+01 -3.71975404e-03 -3.76378569e-03  1.65197815e-04 -1.14906999e-03  7.56940972e-03  3.46607962e-03 -3.19209234e-03 -6.08882964e-03 -9.19318783e-03 -1.83530299e-03 -2.80532975e-03  1.47832341e-03  4.89249509e-03  4.79111361e-04 -7.59593321e-04 -3.87660129e-03 -7.23692530e-03 -3.28806288e-03  6.27842113e-03
 1.79118240e+01 -3.72934038e-03 -3.86248170e-03  1.19553346e-04 -1.10730857e-03  7.57082532e-03  3.44434630e-03 -3.41523640e-03 -6.03502607e-03 -9.19679085e-03 -1.82595338e-03 -2.84043390e-03  1.44169025e-03  4.83271842e-03  5.41055150e-04 -6.76148923e-04 -3.89007194e-03 -7.28987638e-03 -3.46671402e-03  6.24278429e-03
 1.79639280e+01 -3.73565488e-03 -3.96331929e-03  6.60284754e-05 -1.06357883e-03  7.54334139e-03  3.43788452e-03 -3.61195937e-03 -5.99831869e-03 -9.22570019e-03 -1.84018305e-03 -2.86932221e-03  1.41231537e-03  4.79295103e-03  6.12136676e-04 -5.86612526e-04 -3.87926672e-03 -7.33118264e-03 -3.67360714e-03  6.21981889e-03
 1.80160320e+01 -3.73682947e-03 -4.06636567e-03  6.74036130e-06 -1.01896133e-03  7.48626849e-03  3.45022976e-03 -3.77616738e-03 -5.98126901e-03 -9.28337074e-03 -1.88081781e-03 -2.89266206e-03  1.39326830e-03  4.77583323e-03  6.92352485e-04 -4.92996328e-04 -3.84126823e-03 -7.35895765e-03 -3.90831551e-03  6.21099764e-03
 1.80681360e+01 -3.73081859e-03 -4.17178900e-03 -5.54728016e-05 -9.74610465e-04  7.39923490e-03  3.48526316e-03 -3.90128833e-03 -5.98665197e-03 -9.37348540e-03 -1.95093579e-03 -2.91133777e-03  1.38810863e-03  4.78413272e-03  7.81770899e-04 -3.97600925e-04 -3.77285984e-03 -7.37134436e-03 -4.17005140e-03  6.21770251e-03
 1.81202400e+01 -3.71538632e-03 -4.27988917e-03 -1.16949914e-04 -9.31735539e-04  7.28222125e-03  3.54723723e-03 -3.98024354e-03 -6.01747022e-03 -9.49997271e-03 -2.05389629e-03 -2.92646299e-03  1.40093508e-03  4.82073994e-03  8.80554445e-04 -3.03023812e-04 -3.67048538e-03 -7.36654666e-03 -4.45764055e-03  6.24120285e-03
 1.81723450e+01 -3.68809026e-03 -4.39113236e-03 -1.73096847e-04 -8.91578943e-04  7.13559334e-03  3.64080582e-03 -4.00541141e-03 -6.07697154e-03 -9.66702974e-03 -2.19337383e-03 -2.93939128e-03  1.43643905e-03  4.88866542e-03  9.88984509e-04 -2.12167137e-04 -3.53020198e-03 -7.34286166e-03 -4.76949880e-03  6.28263466e-03
 1.82244490e+01 -3.64626518e-03 -4.50617837e-03 -2.18262221e-04 -8.55395200e-04  6.96015202e-03  3.77104570e-03 -3.96858689e-03 -6.16865987e-03 -9.87912880e-03 -2.37337941e-03 -2.95172425e-03  1.49995671e-03  4.99102850e-03  1.10747637e-03 -1.28253368e-04 -3.34764399e-03 -7.29871732e-03 -5.10357705e-03  6.34297480e-03
 1.82765530e+01 -3.58699798e-03 -4.62593310e-03 -2.45614737e-04 -8.24419252e-04  6.75715630e-03  3.94349798e-03 -3.86094160e-03 -6.29631836e-03 -1.01410582e-02 -2.59831071e-03 -2.96532044e-03  1.59753078e-03  5.13105843e-03  1.23661625e-03 -5.48226836e-05 -3.11795614e-03 -7.23270761e-03 -5.45736582e-03  6.42302306e-03
 1.83286570e+01 -3.50710337e-03 -4.75158344e-03 -2.46999609e-04 -7.99839443e-04  6.52837642e-03  4.16419391e-03 -3.67297417e-03 -6.46402174e-03 -1.04579326e-02 -2.87297766e-03 -2.98229988e-03  1.73596844e-03  5.31208187e-03  1.37717864e-03  4.25290365e-06 -2.83574946e-03 -7.14363407e-03 -5.82783947e-03  6.52337646e-03
 1.83807620e+01 -3.40309052e-03 -4.88464914e-03 -2.12789326e-04 -7.82763055e-04  6.27613122e-03  4.43969566e-03 -3.39445510e-03 -6.67615777e-03 -1.08352277e-02 -3.20264840e-03 -3.00504842e-03  1.92290810e-03  5.53751942e-03  1.53015770e-03  4.47659710e-05 -2.49503465e-03 -7.03054556e-03 -6.21143659e-03  6.64440924e-03
 1.84328660e+01 -3.27113554e-03 -5.02702320e-03 -1.31726782e-04 -7.74180724e-04  6.00335571e-03  4.77710899e-03 -3.01439655e-03 -6.93742577e-03 -1.12787739e-02 -3.59306066e-03 -3.03621719e-03  2.16686817e-03  5.81085672e-03  1.69678241e-03  6.21661969e-05 -2.08918929e-03 -6.89279186e-03 -6.60399696e-03  6.78624002e-03
 1.84849700e+01 -3.10702757e-03 -5.18104135e-03  9.24986678e-06 -7.74924237e-04  5.71362283e-03  5.18415063e-03 -2.52096409e-03 -7.25287591e-03 -1.17948247e-02 -4.05049790e-03 -3.07872382e-03  2.47733380e-03  6.13565809e-03  1.87856196e-03  5.15618333e-05 -1.61085607e-03 -6.73005709e-03 -7.00077230e-03  6.94872258e-03
 1.85370740e+01 -2.90612743e-03 -5.34952966e-03  2.25189118e-04 -7.85624189e-04  5.41121694e-03  5.66916533e-03 -1.90143642e-03 -7.62790791e-03 -1.23900545e-02 -4.58180407e-03 -3.13574682e-03  2.86481007e-03  6.51553639e-03  2.07730268e-03  7.71438450e-06 -1.05190250e-03 -6.54241611e-03 -7.39636344e-03  7.13141409e-03
 1.85891780e+01 -2.66330924e-03 -5.53586745e-03  5.33322872e-04 -8.06661987e-04  5.10118765e-03  6.24116852e-03 -1.14213827e-03 -8.06828756e-03 -1.30715904e-02 -5.19442827e-03 -3.21071889e-03  3.34089225e-03  6.95414142e-03  2.29513980e-03 -7.49604192e-05 -4.03347560e-04 -6.33038234e-03 -7.78469430e-03  7.33355454e-03
 1.86412830e+01 -2.37288905e-03 -5.74405473e-03  9.53285907e-04 -8.38118976e-04  4.78940697e-03  6.90989894e-03 -2.28355825e-04 -8.58016843e-03 -1.38470539e-02 -5.89647793e-03 -3.30731873e-03  3.91834502e-03  7.45515308e-03  2.53457167e-03 -2.02393568e-04  3.44722839e-04 -6.09495417e-03 -8.15898619e-03  7.55404894e-03
 1.86933870e+01 -2.02857275e-03 -5.97876101e-03  1.50730651e-03 -8.79717995e-04  4.48266158e-03  7.68580514e-03  8.55658338e-04 -9.17006063e-03 -1.47245242e-02 -6.69670126e-03 -3.42944931e-03  4.61112296e-03  8.02222285e-03  2.79847072e-03 -3.80848007e-04  1.20316722e-03 -5.83768577e-03 -8.51169755e-03  7.79142820e-03
 1.87454910e+01 -1.62333640e-03 -6.24541578e-03  2.22049496e-03 -9.30766653e-04  4.18869098e-03  8.58016263e-03  2.12686047e-03 -9.84489642e-03 -1.57126521e-02 -7.60460498e-03 -3.58123149e-03  5.43450218e-03  8.65901076e-03  3.09014097e-03 -6.16926562e-04  2.18394610e-03 -5.56071303e-03 -8.83453690e-03  8.04385345e-03
 1.87975950e+01 -1.14934853e-03 -6.55026042e-03  3.12107180e-03 -9.90089837e-04  3.91629263e-03  9.60506578e-03  3.60342144e-03 -1.06119966e-02 -1.68206255e-02 -8.63043786e-03 -3.76697552e-03  6.40510209e-03  9.36912576e-03  3.41333037e-03 -9.17553952e-04  3.30013907e-03 -5.26682498e-03 -9.11840487e-03  8.30907890e-03
 1.88496990e+01 -5.97852027e-04 -6.90041914e-03  4.24065135e-03 -1.05595960e-03  3.67540491e-03  1.07734817e-02  5.30481737e-03 -1.14790805e-02 -1.80582057e-02 -9.78523697e-03 -3.99115724e-03  7.54095674e-03  1.01561106e-02  3.77226544e-03 -1.28996667e-03  4.56603068e-03 -4.95951350e-03 -9.35337512e-03  8.58443606e-03
